"A" "B" "C" "D" "E" "F" "G" "H" "I" "J" "y"
-2.93549960545085 0.0817644551334495 7.00670386115904 7.05045010413262 1.61280192391622 -3.14844504461559 0.497785346589879 10.8929029598949 -1.41028360038329 11.9636273263561 129.19904238212
-7.25110493886991 -1.44603578385246 3.23386170942762 1.94965926016484 -0.895139791277588 -5.03832345622986 -3.2414227504009 10.8471899223641 3.93951749215596 7.57460011622705 132.889314682003
-1.3815596042286 -0.963690999149452 7.9088840650619 2.40600622041965 1.82205697838272 -1.21310051667335 3.02958691376282 10.0837862236864 5.77108646322354 9.57230527637488 149.758606270421
-0.860388651917692 0.180296871973794 4.29569127403838 4.36554038646151 -1.9968188674651 -3.24417074276894 0.923064419302609 12.1891769464339 4.93408286494202 7.22249134032656 136.250461812381
-0.827179020332111 0.735357946966275 4.05909384990554 2.77784911544449 3.00685261391709 -5.51970758169901 0.654543686902959 6.91185865238696 3.50788590973016 9.06599076133073 137.840184738246
-2.86935465608114 -5.98913957735884 6.96664175163043 3.06662992253517 -1.90560772697643 -3.55192462782812 -1.2637446843102 8.94769875587011 0.291965258175319 7.19121030478057 32.5242119557388
-2.63436350583602 -0.213099611941896 6.38657495059924 -0.956327558839 -0.1337930883934 -4.29415667412496 -3.13591840801473 12.4075824671524 4.44491486807697 8.81218729065013 143.942021900051
-0.618664474255602 1.42995170909895 4.76787388136971 1.99499852632415 1.21825887819553 -6.31779391984506 -0.296042685785254 8.84466735913721 3.48269995472099 7.76744237495965 131.786432924615
-1.1046497156828 0.674517555460918 7.98941556396345 4.63460423326921 -2.22950350114214 -4.1483618216374 -3.0562893105778 13.6144282065049 1.77783808181165 8.74376414774777 135.087521412086
-1.72937747796273 0.0415992064432682 5.8429992674801 0.660852821721357 0.0750451924847207 -6.22140096069423 -0.799768840367069 11.4760631742917 5.68103972126169 6.29570884430262 143.650788860194
-0.923071923530176 2.05282287287747 5.44541311317477 3.0289343878806 1.28942559168667 -6.5502633958657 -4.27423836526157 8.55670429822804 1.76336773704461 10.0551890454928 145.737080894954
-2.82375621076979 -1.35134103818244 5.08782199099994 3.95281559208678 2.77541268225006 -3.55652227994121 -3.45176684708099 10.6236480253781 4.76585855123094 6.39937427646551 174.78836519399
0.221509969065889 0.996411819630818 7.25807249176989 1.4498922900409 2.8110543877354 -3.88361164283546 -1.35803765131563 7.82197991273201 3.85084676925469 6.79365099107022 137.081967574001
-2.07830409671694 -0.320078182403559 4.0736299001117 0.158387891913699 1.30134690061437 -3.61542873635037 0.0359964304512659 11.0124184033862 2.56026709063703 7.65686681708282 117.916046642171
-4.57931645858958 1.89468723921895 8.56010955844571 4.25820364302374 0.248178762335469 -5.60275559502892 0.0415760225756838 10.9445631632792 1.87448938017371 6.74500783735063 137.570945830706
1.90445031988403 4.25506753312443 3.06356274421432 3.96090785609724 0.60009011784772 -5.67304869197629 -1.73875785200541 13.7238400882394 1.77968324760122 7.18776176853235 167.65240468586
-2.90412159878032 0.747976945977471 6.9448931294372 1.82762474580344 2.70737819452153 -5.20522559004557 -5.38847148217567 7.36295541651428 1.03023515933911 8.54716827984454 134.241590510459
-1.27061677777926 2.05094449676411 7.3970945945659 1.58143489808793 0.997117745688316 -4.40269602345514 1.59362234422253 13.0401877222522 7.14206242904226 8.94575404331969 191.727194272354
-0.767576609421337 1.28433122955883 4.75445399954325 6.25560611421668 1.67389707609043 -3.94088062866628 -3.57823735500327 8.95349160783784 1.77747885963075 10.718471065094 163.459257307884
-1.46333310988335 2.87654887770399 6.97105027859801 3.78333094884096 2.23074316424846 -3.31487206689595 -3.1250921376733 6.68772619962568 2.31440766218791 5.15319498191811 142.262730000202
-4.88985322298711 -3.15686505174928 1.89031415251198 2.26836045538841 1.32053281653337 -2.87152595152693 1.62994281643635 11.03490411511 5.53375527679978 7.77301920798909 138.953120558898
-1.08952154390977 -4.45945568449146 3.29782665729344 5.38194783036321 -2.16111769584993 -0.555994210706686 -3.43740767839549 11.4186598021259 2.24283092145499 7.63725855061587 98.1924009297936
-0.83755845059821 0.578573754745792 0.788374144141476 4.15734685351846 0.626124735692533 -6.30870915529772 0.00114888967253535 3.62216044159014 4.06186307991712 9.09447470836713 108.733389063066
-2.50807813694858 1.84511631305506 4.34415154506247 -1.30207125923341 3.26595425141202 -4.52142074055631 1.14954225214196 11.6791080792578 3.87310537667454 3.30998161618621 142.594253751459
-2.47000127452628 -1.9081576033822 8.89146191442031 3.76976364374958 0.986923164668044 -4.76453868551965 1.95794091450372 10.3233184802953 -1.15365526398473 6.94008313341275 70.2345647089652
0.142384391550867 -1.62182672888243 8.42847424448991 3.94590641490214 2.42165731042132 -2.5420135526537 -0.355409730751982 11.5674295382145 1.78066506645892 13.280881514281 145.982725819944
-3.86454873094956 -0.0593701133074932 3.53142966033765 2.88031189439979 2.81632902158561 -1.33212063708618 0.871056447942997 14.6471389604464 2.3671694564365 6.53013588080645 165.985905036049
-0.535311603726157 0.00921511119375909 3.49800056198767 5.39720872147981 1.69328153950796 -2.81901296184232 0.988025753385719 11.1472476274362 -0.0907699225875986 9.2343892318616 123.053166478383
-0.12523245113972 2.44504016703414 1.660380664476 2.38375915249394 -1.61132413634475 -8.25849377367476 -1.81327661336353 9.22207372139137 3.06170234191508 5.64716983735676 106.618488731414
-3.36339020597061 0.737450260143726 4.1012288479119 4.8462447210133 0.341486511579125 -4.22838314716943 -2.04824912057917 12.1385259748886 3.9251631997469 9.22695634852728 174.049959124392
-2.21082398625152 0.18087497143194 7.1624751955423 4.80208352759095 2.96709738669048 -1.07809667053286 -1.72709716599895 7.09070014043383 3.92858394233289 8.79164268235816 162.256701467532
-1.67444976095103 -0.406343993367601 7.63783464334235 5.02835703359587 -0.34603797888553 -7.39048908334773 -3.04323047320071 10.5668458235293 0.0233066686795182 9.21120063916569 110.581630616148
-1.08343105961112 -1.22527611092106 4.31019227906147 6.63819050840792 0.293488640587722 -6.35596681061362 -2.19833650880571 8.9553780515638 2.49219859308401 8.40672087234478 127.551169688366
-5.04033864090012 0.991072252404266 5.64874023881235 2.89424904669524 3.82037705835089 -1.85653778493483 -2.8193587365959 11.5372260426116 5.87855643851183 8.89925937701595 220.34303154774
-0.129020571460233 -0.87683518180125 9.05836958956393 3.71913665322857 1.35005072926864 -4.41404715010027 -0.398847090150938 9.7750404492878 -2.2676339591922 10.4978617476773 82.1335952208463
0.428606625183368 -1.40630584457513 5.56066405302118 5.49990022622412 -0.119702714719636 -3.99803986444437 2.10162043222657 7.66693832879827 0.395166420065352 11.002801564694 77.1840067402446
-1.47635717123183 -1.88836276385777 5.87068140057189 4.39899784618524 2.51831298842423 -2.69027509746307 -1.14288353303526 10.3875000734422 4.92832173487989 6.79120868396717 160.721037625325
-0.675126027940764 -1.79213968330199 6.57123495942088 6.48345931888575 3.39295976223559 -4.70898851004212 0.948410085489496 8.3218104644262 -2.04933338783747 7.38038205487289 89.1946934375366
-2.68951573444621 -3.36032261493722 5.11023093489068 2.23723166770545 -0.429484443720013 -5.56641708913473 -1.94191782971969 10.1959371856019 6.67835291769099 11.3600074042995 146.873316208431
-2.24242161244712 -2.09927724661238 8.76691033878427 2.59993482668477 1.0581857632705 -4.14967204943259 -1.29730190096071 8.43631783323563 2.50187397232796 9.35676374874603 110.821689813561
1.05603242463039 -0.653973303353795 6.44106745113359 1.92813499846882 2.34003361244508 -4.10034376825173 -3.2380406450216 10.6374508515887 5.0244412052304 7.71910041060006 163.22511348064
-6.08781286051198 -1.42237582387119 8.34029026121101 -0.95130465952477 -0.0960867257964009 -5.59661809427905 -1.34906972325734 7.50580184518981 1.22979335119677 6.26330475898717 63.546980683825
-2.7713436769287 -1.38944964523462 5.23427114336761 1.94908208174389 1.84655723903912 0.751302549928861 -1.29543067639113 10.5183163362811 0.121404577824312 7.114268033324 106.073848572204
0.816303042045955 -1.36380697632319 3.62243384606883 1.59387555643981 -1.43094176082336 -6.67041945243703 -0.496743209047216 11.5910313285086 3.47507993583097 7.68944385058508 97.9151056499815
-2.60935685192843 0.602641851850033 4.1997789404013 1.89487671034365 -1.09134399490719 -6.15814544166158 -1.22764812405911 6.3400804491466 7.1480311359438 5.14204325258371 124.046828802532
-2.70282915105523 0.687694649923808 4.94311281290063 2.66590684700103 1.4902584623128 -2.79277220238096 1.77648306711313 9.93368509826966 3.2329954510037 8.43206645914835 139.243083803074
-0.730650201381149 3.90288886790814 7.56298909815783 4.7308508014741 1.5936118513794 -1.77851871903389 -2.22343873597309 9.86268672804464 0.893549170157171 5.20442615769428 148.263441206218
-2.3041735695174 0.234252031256383 5.02720564865508 0.584546998047893 -0.188762594520975 -4.83375267378797 -2.35134927552937 8.25157077902662 4.63830667129112 8.33828855797953 124.975146501798
1.24815989514411 2.42470843396397 7.77230486739095 2.86784634456675 -2.278207032418 -3.94401763259012 -2.37475990980195 12.5299877462465 4.43347814841161 6.63134632512582 144.921277710574
-2.39256372429791 -1.21586098082084 7.18802966503023 3.03267127838967 0.48925898550579 -4.38713482520617 -2.10320754018853 7.81049800699566 0.189449632062181 6.97422409669618 81.780055274066
-1.71133958371808 -1.25220221427728 7.70627394241803 4.09622044594135 1.87517401700319 -4.61088469000796 -0.744278697379597 12.3893278951604 4.30029692791679 4.97889596411882 155.282500092311
-1.81262057634148 -3.28508172372532 3.37975295848998 3.55349182163203 6.28413734508881 -4.96436238960381 -0.990401737282698 10.0789637871774 5.71985316803661 11.8198242046405 199.479897596113
-0.520003583423077 -0.476034928177428 7.58018955714537 6.61527852303711 2.13893789912315 -7.05009501765823 -3.66988088178131 4.96817685717097 1.37307577515659 4.29617339576474 106.420419921476
4.03996421536563 1.97649574599003 5.24289214804585 2.77175430760016 -0.135444082614504 -6.2782520800655 -2.71630368687175 10.2550052292065 1.87262209722605 8.18843408237286 120.002427815103
-2.30405454496329 2.90354877949277 8.20213204172521 0.826712513636093 -2.13506087751356 -6.39115465472871 -0.964317619542444 13.4541642234699 -1.77889243543723 6.69609028680981 83.5534082884856
-0.326989851266455 1.67695713883135 4.72646131913753 1.32713946767125 0.197378856470936 -3.29177600020747 -2.68632525755307 11.6021233621203 4.18755932196089 8.2006679550543 157.8154450812
-0.606118946558708 3.78666167605959 7.12964233633903 -0.19889983362271 -0.138388584649491 -1.21420139259277 1.38488181303173 8.98936498402955 5.48710266093426 6.56530371282816 138.52528768948
-2.84380298815288 -1.7361630809375 4.41204833413069 5.30604147151454 -0.362242367858307 -6.22921411177359 1.84893805650951 7.67878629259182 3.78736923280883 9.30531180946259 107.81168907591
-3.51325793899582 1.57112550333868 8.03434735012793 5.385520636044 0.692488036588647 -2.19675214833169 -2.56457773915329 6.87247001888724 2.59811454244614 6.33713140778935 138.760876666327
-2.30573151152295 0.760620479109454 0.858038782567462 1.1855444661386 1.91788022641702 -3.05895253065416 -1.08883436915025 10.2549080865831 1.89720390033286 7.38205070171266 130.264367877021
-0.96157519938928 -1.01353408292991 4.42279494046685 -0.22307412300312 1.79473457723645 -3.76947804014973 -6.22625531947532 8.55730163497394 3.17520573471235 9.42221436082475 134.014085295788
1.09545222473543 2.30090961677268 4.91209318140024 0.427250085711923 -0.316091047205732 -4.45569850893337 -1.1521263447883 7.70860824320105 4.30256593091097 8.32101983726796 120.340637079477
-3.28161858273364 2.45412730771074 6.65924097717472 0.316096560124771 2.66554854442837 -4.37587455952037 -2.26659874124491 12.5875747596981 3.24602700485396 7.33403415625042 174.96428573157
-6.29995500793979 -2.42644763079191 8.61255979658983 3.85158274829191 -0.445151837465916 -5.36163050709393 -1.18930689831842 8.27012974978174 3.44381204370121 8.29122575190454 110.495629023509
-1.92439635928209 -1.20530655654102 7.95798351907714 1.76212354939942 -0.519888229330967 -5.61357146818124 1.54966178806786 14.9015965018922 4.38909479903788 7.32127630072561 135.614627295082
-5.24938584487654 -2.2331813665463 4.72944165647936 1.81277433239872 -0.66244572293264 -3.80019548397657 0.0609397373707585 8.88800044830317 -2.72868043742514 6.4141791284657 30.2004078384735
-5.06955637902877 -3.59721238426326 5.02985721460733 1.65536439371816 1.39937935083558 -3.01724995019819 -1.79180225461778 10.9875559407135 0.689847537666878 8.47304823111005 101.706509820533
-2.6651304321885 1.6043115986365 5.46105169186174 4.98774120787755 2.62927859603535 -1.42217146245866 0.182922344484513 8.91536342565106 4.56842508098708 8.41317293156851 177.372012467055
-4.31821289831266 2.10051191934645 4.65760265281819 2.28592822308171 2.31847668296552 -7.79662139864991 -1.12307657257991 12.3027121656694 4.50953807027297 9.23517292485819 190.151908691391
-0.0812451572832569 -1.53798437024119 6.73632624720875 2.77898941641788 2.7514361629206 -2.95569505046854 0.293355164643186 13.1789163590636 4.71117564876763 8.97919783062579 166.373739038296
-1.75486943602644 0.111773220459118 4.16842392181272 6.8536005115581 5.06951150710321 -2.96280646057616 1.57711301945466 7.02658573802334 2.08479605415347 5.92778034366801 146.923461492802
-0.370139963362271 -2.08509329136991 4.56790472211345 2.03723021266118 2.84898740218024 -3.86316085436036 0.453119678307394 9.28898880129898 4.0181076144659 5.29729169131379 121.238243748393
-3.15992442857944 -0.0206595094280896 6.75676006543131 0.68368760247712 0.548130603434229 -4.86932702293755 -3.34025148536272 10.8088096177249 4.76735118252995 8.20999797232716 151.952316291967
-3.40481317930582 -1.6105317951485 5.68966983059569 -0.83055336701504 3.05399882095788 -5.0135159523605 -1.19655536375871 13.8187972334763 4.86723518276067 11.3983314164437 175.557385617648
-2.66991133972436 1.52751716390751 8.2396166899153 0.229454713333641 -1.05046413753705 -6.7670711016152 -1.78806696871962 12.9331845353883 7.34587637178447 10.3875074793785 182.234943650219
-2.22525396817698 -0.0609622707077354 7.24343504772844 -1.04968429415202 -1.00583908616181 -3.04318704988077 1.16318450183096 12.4585812383132 1.83944219898303 5.55120959136428 84.8859382981676
-1.9355658527414 -1.97901224244099 7.355030330391 -0.868452789274225 0.716023442461823 -2.49968852503523 -1.33826562012172 3.8671346193212 1.00842566926054 7.88559048824082 41.9337951485035
-1.22937089105 0.741732714419342 5.03840303187737 5.2028886876741 3.94402760844928 -5.90346322952629 -3.14138997848305 8.57189672603629 3.79842315589382 10.770847250857 188.720633083308
-1.32578153354222 0.377290611565515 5.61858256881859 1.14829269542952 -1.8998660208447 -2.08020014099316 -1.10352904473924 10.7886357834318 -0.773894912678797 6.93335280069528 66.7220508009692
-5.29259965041073 -0.0188135614034349 3.81829790142364 0.509637163494534 0.586890489003929 -3.4462778788816 -0.0790297821322469 12.8317250021132 2.03911281147756 8.01621611109128 128.808012353064
-2.10017543617369 -0.912978191567395 5.70950865828244 5.55933613374136 1.94511041869913 -4.8650165540842 -2.21739000678348 8.45571233748832 1.24464095338478 8.11321905826262 124.67674352592
-2.8899968784896 1.26238082927008 6.92465525822424 4.50450240371944 -0.614755984224331 -4.05476069873237 -2.49591107749798 9.30220040915403 5.22840721412821 10.5718905622648 170.684045511922
-2.78585235368108 -1.90380498147054 7.78112572940751 -0.13707214862874 0.984127751319102 -5.09699916903904 -0.165043295224745 10.2170258771266 4.25774831384874 7.14470811556578 112.075456069306
-2.65987350473823 0.0383373172442305 3.89694713594516 3.53614508649249 0.14610289472167 -1.3054428450498 -2.02322501383942 10.0229058442099 6.7076094781599 5.23386527961179 165.030572660661
-2.63553708700068 -1.4451684413848 5.26219592671932 -0.0824930306831373 -1.05844958733612 -6.04745609789603 -2.49794386341969 12.7082991472938 2.12589323973427 10.841244723417 110.620820046587
1.69261444008873 0.968217703054618 8.41428224471545 5.30966167767471 1.44924343372226 -6.50691879371745 0.562387775538517 10.3271524800447 5.35428565393439 7.63711755326925 164.461501113837
-1.46788909993092 1.48498312418343 5.37204198147189 1.47631160444486 2.08360564825395 -3.00511090887943 0.37852220188117 10.2693739725178 4.81693847963328 8.21589778329236 162.275727954084
-0.868723835706924 -1.63736421028282 4.70746291902749 5.46461519742582 -1.51973361155249 -4.93020828334617 0.570795097331876 8.65747806669945 4.40040943837175 7.49534469763296 105.702017987076
0.761325414933242 -1.08929162100013 3.61913876630552 2.64537654244232 -0.421174968682147 0.809381192886399 -4.06047160625931 12.2253295362771 2.95119698301194 9.0819124002502 138.565101088793
-4.18275047934029 -2.73536862099438 3.24053774208556 2.08327212088285 2.04123549051076 -4.28983841496867 -1.00212455027902 7.02480179772435 0.419357322356489 5.72181292232768 73.6131402606494
-5.63068413465692 0.188385602322281 5.58058029441907 0.4674865401151 1.83244033051422 1.29068935958949 -3.75016441432699 11.2051425822668 3.08796697240887 8.08577371876008 160.55161964621
-1.06016459351968 -1.0382667163687 2.91952179271956 -0.409216300287158 -2.10615744902342 -2.37605941121189 -2.939214527022 10.1164489096613 3.37832431584437 6.78524002320393 89.6259236938978
-2.22107518549343 -1.0967641248678 6.90920025370642 4.88119520584309 -1.17640742434768 -4.15571324542934 -1.91468128007222 11.6772932783109 0.527376073153742 5.61377143231629 98.529055171288
-3.52665071500589 5.0340120818107 3.86250560197012 2.27812684195083 1.55079839085661 -5.46011062132599 -4.06652961424878 7.56492181346411 3.59573513380646 7.01421838085705 173.003693651258
-4.92477771931332 1.6402214150634 6.74509715895629 7.17915671449002 2.37066631568283 -6.1472018489552 -1.08402205745057 4.10284005003291 1.69820073982238 6.85372860196939 131.331697102695
0.212314160628197 -1.4135921652961 6.10831756336397 6.43703076378604 1.37857545401582 -4.03472309511007 0.587563207426479 8.21082382323813 2.52604272212643 9.83233878925005 124.711827396662
-0.662150943344572 3.99250907579292 5.089172433081 4.26427333982411 -1.13830385237976 -4.85880223760988 -0.456042725010091 8.06409795348529 4.70108056767919 8.04504995058882 150.568567649423
-2.49926723954284 -2.83695366627621 6.11687588143344 3.49666737514031 3.32956720676541 -4.029685923551 -5.08453761668794 14.1248199774568 3.18726237410445 5.85319323580044 174.527410827278
-2.31053088902523 1.3944331375404 5.63683212845482 2.01945837104843 -0.0372852648627882 -6.66204408399357 3.89771050166032 9.61790203145781 0.881058495346398 7.00097257141028 79.5766300861738
-2.0860496826749 -0.653590009988413 6.97959016311084 5.02316957971337 -1.11376948674813 -4.73835997064716 -0.915527079158215 11.2083163021994 2.43560506832727 8.9072426860901 123.57396427394
-3.1201533836978 -1.08387592379036 4.3309901695131 1.20206656797704 2.94163877435394 -2.09524297551177 2.60206593464105 9.96577789886142 -1.13128738617554 7.95509037385183 82.0641852076321
-3.1059202918298 2.30002817403226 1.76004715134544 -1.23676672159866 1.17491994444756 -4.58225157371673 0.906492252070048 8.51081720136037 2.46778314079857 6.09775906237941 106.34428527227
-0.0282193744439256 0.690223977091247 2.90336067209217 5.22924551277966 -1.03741886047595 -2.07373242931027 0.788718385932405 8.63791734516953 0.824396166567672 7.63979460364814 91.0815839734812
-0.165356289493626 0.928671975204669 6.31274641871064 4.30966291554886 1.7537531731732 -5.13126903154877 0.306102762621919 10.9604323940806 0.66348165839966 6.30339837966962 122.211545074087
-0.918725387272056 -0.454858781212103 7.13488080743386 2.46913499514635 0.106000200303662 -1.71739128460468 -4.87730218934977 9.45254622934455 3.89811789734134 5.4348450078533 133.290408217682
-0.039815254530662 0.881308652885106 4.4206489965611 4.81846777494802 2.06762912743678 -2.05307018882605 -0.419824720965794 11.7292432393279 4.04974857676359 7.72919616163765 177.033719045212
-3.1060760467178 -3.03304619857584 5.76747384859213 -0.0973309584527113 -0.886352618064463 -3.46394394411761 -3.2874958577521 9.6351686240837 0.325106851980552 7.43333413983683 61.6930067402139
-2.92584415840127 0.195068745268005 5.66652372304484 3.07165628873203 0.176935173499758 -3.0319417527372 1.07119653673255 8.51633342900282 3.41086621074077 7.66419389799351 117.288215679405
-5.64873511066717 -3.13914924274937 5.04107052221824 4.91254130490206 0.165294546843954 -3.02399419733548 1.77532914763435 3.50385931884604 5.52048862699589 8.08164195150137 97.4699173558445
-1.50512246928454 1.00073731968905 6.23951619374921 3.11792375063293 1.09909296962957 -0.00486668689304315 0.645155507841546 9.62648070561614 3.64688759781618 7.59055451834273 142.476091633408
-0.866964229629449 0.969062229580238 4.32291888539077 2.42495538735844 -1.24202896718245 -3.88480367642856 -0.267753478130982 9.68467983307453 3.38172143648802 4.96235370003077 105.45540690486
-6.51373299594698 -1.00580313892168 3.3714675558792 4.45978291257823 1.65623216868482 -1.86657998825974 -0.294304270535311 13.2139489506242 4.64230977457716 10.4976993816064 193.210231058868
-1.3161931172221 -1.14614658202257 4.14230543480768 7.05253937664807 -1.40500341879011 -4.49710722376385 -0.0638139774030062 10.8199285962568 4.78787651178135 6.05592024876977 137.972177795567
-1.31509877995606 -1.26936734879047 4.15112738798015 -0.598293279867902 -0.132037251701901 -5.61490451196959 -1.17597010022423 6.56234251242587 7.09145769514589 5.38113170474209 107.321702415287
-7.83988616346609 -0.152938721737631 4.61205719524489 0.307931608852729 -2.01955904371248 -4.6409082483691 -0.218553330192998 7.99609135699528 1.48400992371412 6.44456235662449 68.3389009338746
-1.27241124463879 1.85835482827997 2.72712678436954 2.44728887687959 2.00651967548829 -4.00496862583402 0.299443010436863 12.2563794677831 2.48751388934446 7.19114474400106 153.411028969421
-2.58143820777339 -1.81441919056243 4.90588670987651 0.957854558504745 0.264196243251332 1.18965639200843 -0.276124912056919 12.4938166999944 4.30829075820522 8.51671452297301 136.178409729723
1.39360326393251 1.24003794396056 5.67323477405447 3.46773090044436 2.9458853783179 -3.48951921470184 -2.63989753949889 12.7828650621438 -0.332770881557154 2.49464031113541 129.449531463641
-2.89772565030305 -1.09309294485192 3.69983467216575 -0.812287629940708 0.515198879049959 -10.045787277653 -1.89085068313977 13.8029814809403 2.43664244312684 8.71946965496749 121.550421711368
-0.271924706209414 1.97711771926504 3.53685935871073 2.07234063795019 3.96587599095401 -2.8722198827666 -1.37650026354822 9.90003441136283 3.81166589403918 9.57464057012385 180.803772550177
-2.48641188089799 0.0722305930262044 4.6163882995214 2.7120465673248 1.58231087013885 -2.9324289783808 1.61302744853965 12.8969670402452 2.21775633079852 8.45063769177457 139.146286629344
0.88303157672466 -2.89724370459389 3.46939675071497 6.47028930561112 0.248500208578193 -3.56263869487433 0.124864343932908 12.074084988632 2.55347899212383 6.68570569981419 117.553703748937
1.34299369259804 0.373383209199756 6.53456215159176 2.93494024066096 1.06843176636069 -8.35990003479435 -0.856661482377941 10.6902992666616 2.52736130723442 4.0953254660611 113.846704773622
-2.45072361982773 -1.21231150579805 6.70651234384914 4.22445862232049 -0.504546600351862 -4.70061120974709 -1.20230055812494 14.6109560776248 2.42857015313341 10.5948825785586 147.388302378114
-1.7408260415603 -2.62726257036085 6.5345670015464 -0.824536827555078 -2.1682158438458 -6.06030666393444 0.482469325118411 12.2891285458128 3.64739300057636 8.60399894881347 81.8563080809848
-1.70187559572061 3.71913125498733 6.80855882315544 2.70511139228817 -0.110054121214174 -6.06134981834525 1.97678584720865 8.03384756475988 2.38144839287267 9.27827449407499 121.825298004378
0.0388290272948622 2.87105161484994 3.56700804803512 0.53815828418519 -4.2142791646997 -5.11478079612527 -0.953902824743129 9.40006330835227 3.06789612949144 8.10853473422153 87.1926323021691
-1.98272069055685 -2.13386106106985 0.0528824119396472 -1.61358249685912 -2.73153490465141 -2.16428687826925 -1.90650166183516 10.6355267473567 3.03727748844417 9.24776924361239 76.3618744685782
-2.34709183111587 2.77445104897137 4.42954231151093 4.72727535343106 0.588541157528356 -3.3743049628454 -0.497572747019544 12.3874806114689 1.03398153861601 5.65718267943124 145.226631473552
-1.01914457866756 5.09947717595561 3.11105443451962 2.47425643896066 0.258395444461768 -4.74712956593263 1.96355270336945 10.0310320440424 7.39836970202089 6.37944677698184 184.807450268756
-3.2046077523088 -0.175948745487649 1.11292543704425 3.46343614558192 2.22904098088779 -4.24738576169349 0.334630237743778 11.1580798990431 1.93340098095052 10.1153769441886 146.092494955397
-3.91054665227972 -1.07214955627555 7.02680600893879 1.48949994396458 2.09427101678508 -7.06538063322574 -1.00220248679701 8.71398754575892 0.808925383643487 11.0247178390013 108.95467983499
1.72881318026042 -0.526556726363509 3.98790691895832 3.13687190730731 4.08029980947862 -2.69631074667236 -3.43807308579305 6.53378764357968 1.70537557015088 4.41036771797184 116.627203555315
0.115064192296151 -1.53865976167703 7.17434239377028 1.50366308961409 -0.703215937910922 0.255706370662895 2.03992174904228 11.4672382628947 4.22170767945356 6.37830166222973 103.929667553248
-1.76537228588243 -1.17646628659028 4.26488649099806 -0.676668111798119 3.01560713340934 -0.562037579248631 1.50852801378808 10.4937319109073 5.61794173521801 8.79919561287549 149.929849488757
-3.56532494267485 2.60246447409608 7.21903684496885 2.67166700737119 1.39652937884615 -4.23185242789431 1.42613233176562 9.87655024618867 5.25694359930599 8.03082120330315 168.627882374326
1.87882424099626 -1.86677190567954 2.25986228960115 0.710845732147724 1.19091299791851 -1.85420538549856 0.0586876749691443 14.2055070969627 3.54749068483165 7.42789418882746 129.957799938488
-1.14304191665946 -2.26800370763426 2.81269256876653 6.05278863883517 1.88484111269089 -0.817097056050452 1.79979108130181 12.9752478608579 3.20761316805214 4.38024725676353 140.860623038165
-1.67168671681302 0.195622993035077 4.04825300016882 7.81469748882395 -0.942828533355841 -3.54717801124604 0.110235162591354 6.53096482333826 6.32854104279551 5.8484468162387 145.243503760461
-7.33336091080407 0.749605732137983 3.81697659960265 4.23269734323553 -0.283454517270095 -6.08105571245939 -0.234672501108625 9.36686158952933 4.64146172403335 6.45972151603971 146.453170108303
-4.11372446054426 0.558650770787986 2.55446226031341 -1.47468120314173 2.77354766921616 -3.99950840907314 -2.44902371500117 11.7127989244937 3.93853347322177 10.7139521869588 169.120762382874
-1.58080877096132 -3.74434685442658 3.04604138709676 3.25320907320432 -0.207760978810684 -3.41075579759316 -3.52208179485734 8.41533649615868 1.61264862456613 7.75129498679381 82.7254251823169
-5.96071575160829 1.25782224511312 4.24001561492777 1.91248228549229 4.8338431478796 -6.68588870206778 0.096575299690244 9.16085264026026 1.5808761322007 9.07149017907706 157.372513806434
-2.17528550787725 -3.05521403577691 1.31274222334944 1.18875947443418 1.40823745575417 -4.32901198258349 0.159699220620588 12.8998832021997 5.46617304032341 13.2011035723416 161.145007071557
-2.53167902001548 -3.66710048399271 2.97930746831178 2.19103937821869 -1.56783720766974 -1.98763731586859 -0.211265253361744 6.48891201462259 3.2707485912372 4.65206075747559 54.0526008092689
0.490978714552968 -0.623271469111814 3.33194506113255 1.3239181683593 1.29665868783667 -4.10118029076574 0.792996919629098 10.8991589805896 2.08185785963823 9.85802454155171 112.019551227076
-1.27117344828098 1.09164238639776 6.4816642676865 2.19426263794158 1.8596287905674 -5.07406490744341 -1.49210508534398 9.53138173791388 0.681615179495242 10.6968790091332 127.425608502614
0.241160251734264 -0.197440777705565 4.66608355953828 3.54897865128145 2.49251748364408 -6.48741695999161 -3.08496574068982 8.51714948707069 4.31052455309439 3.69283565499717 142.069536883901
-3.02744209869855 0.793279407023052 7.65898919986503 5.49125350570913 4.72022363478719 -7.12579283652192 1.01883349209672 11.8466217813639 4.16843255698626 7.65332495909713 198.590048299397
-1.50582659490607 0.666473256800856 5.82863255399788 0.495394460677849 1.24437990229624 -4.54440925725722 -0.116883100688653 12.5197558833426 2.33490126765585 4.99896398900737 121.715657155219
-5.33109748515392 -3.36727835791336 3.85222850538676 3.45455388171155 -2.030782414598 -2.42334869641692 -3.4266390627927 12.1914687473619 2.98891468562532 6.06322044386902 111.330141563241
-2.77607941857279 0.0279603080756193 4.17464995842746 1.31873382552106 1.21386348978389 -1.2251284138553 1.50061199996546 13.3899410550744 4.66620607354109 8.3648469574872 160.318776763793
-3.1582076300657 0.884523065477326 8.66787151696787 1.28993720090908 1.06011389919391 -0.755327130464309 2.16600887999024 10.3216083119221 2.99089442911582 8.61090695141274 127.921730775411
5.06185370656203 0.784963546512121 5.14493678651609 3.80905954324711 2.03514591211988 -4.3069832941066 0.215792645275572 10.9685508039788 3.94475165125515 6.75021731032226 143.344775551325
-0.0146547880166632 -0.258888905797133 5.1033415945727 4.89415419266956 1.07504281474065 -2.82084306392827 2.25154248791717 9.44234471545857 6.29075048204335 7.13531975590756 154.061575848539
-1.57899009580116 2.0208179848632 6.74674842603103 4.40488991169753 1.2689042636025 -6.53184040124836 2.0163936384522 11.9055423245438 1.58533155738922 5.758129156272 133.826241928562
-2.03352873549792 -0.612500133923288 7.60311785446053 4.76864145133012 2.5637330604639 -0.615296818516132 -0.444473041201932 10.101330433306 2.08854423127335 7.22180310975322 144.084260283559
-2.81955841713439 -1.8631223200528 7.90116826855125 2.08034651444485 3.34768468787497 -6.94571231997603 1.53255329467563 8.94975744155064 -0.116579638546483 12.4157465884418 101.50909982639
-2.53978983841563 4.86818386384991 4.75824085720651 5.87823042737457 0.702239841926721 -6.66895263361783 -2.08179790954072 9.65198036066167 2.57629978018152 2.45173278127392 160.541997885119
-2.02885360022721 -1.66984161699875 4.66741953507561 2.52583444418034 1.86731035063106 -4.20132102923534 0.418849938727665 10.1072883916147 3.53474796945044 11.4729981359478 137.795410234607
-0.502515379283137 0.711799576767884 3.3667812362417 6.2088933831743 1.4618856965624 -5.32653403150979 -0.551898138727436 8.1760943522712 2.92307178761989 8.28264887525011 141.703662893066
-5.24459685154485 0.178216009099388 5.88682777483185 3.01879182588858 -0.290255834030686 -2.30992020689001 0.553567928357266 10.9859371291525 2.49561268024087 10.5580510941302 133.385940775879
-0.672524036426822 0.708485163573953 4.98650836489373 -0.872109094217353 3.33412146243401 -3.54586256547078 1.01007165192464 8.14188489788983 2.9518554835874 6.8510040287492 114.25384054924
-3.74034856335023 -1.74125234043324 0.455120530538099 3.84765723456671 -1.48080948347327 -3.27660652410195 0.999371359963765 10.0833851504941 3.46704049553896 7.40591883968844 102.344604156234
-5.02710642005604 0.792784020034523 7.02614832530185 4.81730188465574 -0.899634446896763 -5.85549953142354 -3.78489236938798 10.5779974497337 7.22538102441367 10.8152212183069 201.197849797826
0.426681967159512 0.379932538934659 4.75489549049324 2.69959270010921 1.20236764969501 -4.09829439150192 -2.83687665664282 8.01778236720339 3.74339502494842 5.64660133086172 126.801869968851
-1.06064391163946 -1.46415377731882 4.1191843151526 4.63309344540918 0.308002059368008 -1.58092790916396 -0.952535475598981 9.26023296917277 5.02424326758097 6.50021056857467 137.394245072412
-0.114842124123553 -3.15599025664761 2.40832636356179 4.7832831695059 1.54418940336803 -3.19694999627045 -2.49599511518899 7.60948987278405 1.67617545860423 8.94538317565263 105.139790880255
-2.89916993667525 0.877120575387214 3.93345562227339 1.76386041802577 4.47507383911107 -3.50842662611737 -0.292809399748111 6.6790674229713 2.5416408441487 8.51746795451256 142.213532035549
-1.68439435354353 -0.436841529706872 0.955641691841508 5.14230820571332 1.93145002013075 -4.29131481173136 -3.63597023057594 16.6275524889565 1.43233704487194 8.19224839476394 183.393612949699
-1.40670852159335 2.37104833157391 5.52864911142375 0.810058163247063 0.929277795676279 -5.25928305686246 -2.75187047844048 12.0883390787703 7.30588169746262 7.57359440254591 196.441370284818
-1.54830855156456 0.702312915761101 0.537333913690454 4.59312968681746 -0.481786686356909 -2.90774642915211 0.375380484626483 8.76991949446434 0.636786794554151 7.22293213585857 93.8540269312696
-0.348930108358505 1.14852546170919 5.34616888376477 0.437971652907541 1.83677987301584 -3.40313866500827 -3.15374123421887 8.01969208490293 1.78331323094452 8.76129659379356 120.178879336177
0.361980081883009 -1.53480680262051 3.90886963303914 1.59629274838356 1.44882539399327 -5.27606750532346 -2.91830010662555 8.07615465264911 4.35235973706725 8.3033259134877 125.398204446881
-2.45419801059344 -1.02654430587484 2.169258044222 -0.395749412652684 1.28044836606876 -6.39203026173679 -4.21561872917761 13.8139505273296 3.95125290549148 7.67211455747075 154.104295776049
-1.14015115632966 1.06645869119841 6.60563210607799 3.74670120646673 0.624109100367625 -5.84259852420032 -1.50673889536243 11.6049461048806 1.20269864010839 8.54578201073536 133.507445099604
0.718224692576324 -1.47194710545393 2.62582939481162 5.33436985361931 -0.544671221302093 -3.19347557563573 -4.3493173627765 9.85210770693314 -0.263891000920893 9.05801231052645 99.014757789462
-5.18902522629112 1.72376890017623 3.94624322620255 4.12715609737275 -1.47675401172666 -2.78991938852668 0.978906126935694 9.37416242635496 -0.587698959297057 6.00389480186914 84.4683704047555
-0.670528043098096 -0.400554067881245 6.53891915220433 5.70112710150333 2.15177315312438 -4.04357563931182 -1.33049860797281 4.66191153925766 3.27236280167925 8.85027142150437 126.300568556182
0.00799318243085478 0.247450975470569 3.00794586002386 1.62887374071392 1.79088465054196 -4.36395981883393 1.78762564089131 6.98998612656115 5.06545620414297 11.5320626154838 134.393668745077
-1.89011009455981 1.13709452354831 5.17326810887408 3.06833106644499 -0.0371308469976399 -6.77948364773928 -1.9563664680352 5.96999273639403 2.51664109397663 9.26070080204543 109.227944514335
-3.79335727034296 -1.02837274338262 4.70192814170123 3.72861348059361 2.29676960999492 -3.12879221872657 2.21614683633184 11.7759067958031 1.46517501119787 10.1333432694821 138.094952040268
-2.69954811358137 -1.36734525486936 4.56328782773508 4.9006655191182 -1.36670228957898 -6.04945845320069 -0.997411091553166 10.6411423358782 5.00844106669506 6.86019728865627 133.047491904717
-2.00047710810158 -0.572728236863965 4.27973424912036 1.91596752223941 1.81576325804171 -4.80122147689811 2.61208099388552 9.11746825413213 3.45479482438982 6.60480883363426 109.504571730561
-0.045461393088962 -0.0783492645156587 4.94867218770313 3.70235866441603 -1.86764114260894 -4.52207284148106 -3.17900087926935 9.07467842688051 2.08665203868653 6.16446396516998 92.8090586330999
-1.958617243779 1.87936837523277 7.41109989294841 -1.06389841542966 1.80564705551465 -2.95605452130306 2.51214916704976 8.93923835559222 3.00349560626341 9.14410792085038 119.086103455351
-0.861727368780526 -3.55696430906477 3.90240887968447 3.3734610178123 -1.63196370890953 -4.30905955169775 0.171098267752475 8.46242912005512 3.03787907833201 8.2450170289291 72.6549401862412
0.528256431856208 3.01289867608088 5.20474013842868 0.940915822096581 1.70164345565946 -3.83335833968623 -1.19644743829453 10.5996500831939 6.01662843720965 11.2007494607747 190.008720993011
-1.94774019199048 -0.928342822829784 6.41698327836759 3.72620364212427 -0.44340108740099 -0.935661787542229 -1.29749328620464 8.28634097974447 1.84104939638443 5.45968660165551 92.9253903421492
0.0707861340541669 -0.56684656132685 8.44705527057764 5.90870185805251 2.99821321118306 -2.09909390854218 -2.22344464657399 11.0383302593225 1.82624141551144 7.64245772649741 159.124597436968
-1.16198692005909 1.09264771117892 5.63213987122809 5.08508778596388 0.509235633581027 -4.39812503324129 0.0715741170646589 9.63513696366961 4.548013454466 7.28805748368465 153.384921043545
-4.67825549607934 -4.16840493048743 6.16303274976834 0.217894476423889 0.65235602709696 -2.92429730224298 -0.440316084723872 6.89671142957067 4.29284421665132 9.36669171303297 90.865362038618
-0.0568596470020581 -0.859642037572126 4.39772091381896 1.82996541905753 1.35963587300841 -4.19123579082787 -3.85091269668121 13.6183418028529 5.61420446836983 10.6827580122382 188.886058021728
-4.58887297422051 0.12466017647583 3.53244276588972 2.46633929738055 2.24053810706868 -3.28139101669152 -0.363811097376624 8.77300357299668 2.0915901662191 7.80526126831348 130.740778609514
-1.55130554004217 -3.69238169856429 6.10712934399848 4.64716291730881 -1.09187085099045 -3.36449319409077 0.742206869796437 9.38416127604198 5.29878786705671 8.6802975192375 110.426194568652
-3.65327329670337 -1.35678720964792 4.58834839390624 1.87612073349091 2.13741315699817 -4.92893747669095 -2.33840529394184 8.34413890315174 4.40509157228611 9.53729717005354 144.921847940515
-2.10958309521722 2.18480461150156 2.19529310587504 3.16582361283496 1.4565316988435 -3.24440942514409 1.82394539955724 10.4265643225325 4.52093163199054 6.90390333165782 158.570378844545
-1.15650923887179 -3.2972692611615 7.42384067417223 1.91787619890048 4.4275843015156 -6.17021726039941 -2.47116674893497 7.53285187395939 5.67449710337223 7.74121769400521 149.870662883595
-0.645911478142278 1.31976728603153 3.62135126319302 2.1871185991148 0.72653804210961 -2.22525930252877 1.0432569554172 9.9106591536483 5.20188777295303 6.701727949012 145.610930109234
-3.78070140378996 1.56675740004062 7.33397633295068 4.62948331961136 1.01439866086481 -2.24029208470748 0.0962478998930907 8.85616595171939 0.195158210981944 9.29815884390773 122.473070821891
-5.04565424787473 2.40992245559966 6.73105483641962 1.7026169773491 2.33555884149511 -3.09628341664331 0.799794193265889 12.8236127227894 5.61186140749794 4.03220773850037 187.693829619769
-2.1088410199863 0.47304034954016 5.46041865938978 4.89920581477488 -0.513576288592074 -3.57044813077851 -0.97221591764934 8.54121856196381 3.88337498849967 8.89123331293234 135.201390784147
-4.3244277398265 -2.06727573212312 3.10526372092248 6.49672647841445 3.78731714463784 -4.65503457166637 0.366864334739203 8.71971196356528 5.42287579332826 10.0619192711872 181.812639780751
-3.94719062664197 2.76681815451746 9.14412336329563 3.00908791518966 5.17159637688522 -5.67594289793437 -0.777518078354872 10.8871548470764 5.70483218681457 7.59655046442805 221.423484166645
0.457408266131666 0.277792123907307 7.1385268230103 5.99132212054143 3.69832745874703 -7.30969093587688 -0.138345473141446 14.0299137132493 1.57455560915295 5.86736141371185 166.859548281789
-1.59672300521897 0.59360687938083 1.82132312244795 1.82385254153276 1.73410042621715 -6.65156160085694 1.067928915141 12.3835434021834 1.11552864197666 8.13430656890682 123.496078685635
-0.509397303885501 -2.21509123898664 5.60074203798527 1.01308932119206 -2.12264101579835 -7.64109545231424 1.43845750978741 10.9643422578234 3.07978649632763 4.73412669932349 61.3145364370192
-2.58061172739205 -0.574606044103697 3.23462395532318 -0.18588000556419 1.87693567418748 -1.59188506859105 -1.14548611805574 10.5790955477314 5.27771252068752 10.6775929332833 159.494531079033
-4.64941214067081 -1.64877613269106 3.26003798454455 4.93600905959358 -1.22513209954913 -8.10289515171856 -0.287111098966749 10.6439006148304 2.08737587636375 7.5181636041471 105.193667029513
-1.13422289454489 1.69171499954471 5.32881717280845 1.61769519838106 3.85651453538299 -2.8428467812996 0.827192192332622 12.3333471943113 1.3432191435297 7.9138674622999 154.267953137055
-4.43553029371223 1.29309408808828 11.4689770639931 4.89951216607326 0.0258584441664244 -4.78123012316151 2.40454668481961 9.47934016838056 3.03638818403858 5.29736966149496 124.152603035264
-4.24808987350865 3.45359910678747 4.37013412892378 2.54673362852166 -2.36643279820298 -6.64581474714155 -2.19588841097547 13.5205901472492 2.06518889078862 8.00953997075814 143.131426388341
-1.39565370617378 -0.13110522239715 3.51927991248098 4.69364008651743 3.28297241681839 -4.24824689663679 -3.37042506483499 11.6284266075822 -1.46391434473458 7.3603573615193 133.847364415351
-3.83754648091184 -0.163245722518574 5.97778129752888 3.05323262516851 0.705793384687848 -8.35947676362072 2.06466340210279 9.23100221328806 1.96721045256212 8.65782279738816 106.275301679908
-3.90703525119019 -0.61642002802609 4.15115074618308 1.67372609822031 -2.25153916738414 -2.52359933963573 -0.00747864406615484 12.1083058791308 0.266071794096328 10.9374408598159 90.4202912650655
0.920003397190058 -3.60484353126879 3.61788754039992 2.03205108919767 -0.524838760494322 1.14401413662242 -0.049891929718401 10.0712911278618 6.04859643966248 5.4523611491877 111.118405981268
-5.58395021351271 -0.523716437430341 7.16299510227666 2.78031180427753 0.249005729705257 -3.70324395333641 -2.10053622823858 11.3636166717033 2.26320486825611 5.48957573700749 127.254584277415
-4.54309498387245 -2.93688821103673 7.7856667896886 0.418349006878373 -1.98933235975404 -6.28600298458095 -0.756712160658559 9.80248465246649 1.47063610847356 9.57121087972308 62.9746484700184
-0.818531088442107 -1.19190012478362 8.12668993548225 0.980331758147729 4.51943794003209 -5.98335651115982 -1.0127545014048 9.4538531927811 5.37606865053049 7.07972347953236 160.953571434164
-1.48841191922227 -2.67910810233604 8.43705375579374 4.50892353948599 -1.11169943579979 -5.27094146929786 -3.49913622882078 11.9477669854162 -0.26931914494035 5.11471850450675 80.6125999118021
1.42529149550631 5.0961816089141 3.33629298971994 5.5751499286891 1.50287959796018 -5.83894341061604 -0.088431234804501 13.1178926619305 -0.319455884614851 6.31736324225635 155.972708201186
1.29400445051003 -0.592726883766906 3.4592854721121 2.63929894992234 4.61645293618946 -5.41703857813364 0.0933733403028028 10.9927488133649 3.35797602216016 7.25673763655045 153.832180081024
-3.34925561956542 0.941863547058349 4.16234184850016 4.65250186213388 -0.559975930129106 -6.55670243472365 0.485668521103067 11.1089576478936 0.306552028516424 6.83064258997636 105.103291212152
-3.5400274067855 -1.36968287260268 2.51834412343722 2.05747426672034 -0.384877491069134 -7.99077705642825 -1.12532569977836 8.69190181911841 0.733221604568092 8.35048084799814 76.4410926109927
-1.75117842321997 -0.730668738326235 5.94485664916713 7.4196607768961 2.74932355096669 -1.32915336859511 -3.01458807350359 10.9032151439058 1.06952129563569 9.91341986829424 167.94278600347
-0.214032499772241 3.68013647166884 2.08863133801318 3.88205404023086 0.422067745057371 -3.18375879896815 -0.786861497104761 8.59673503043184 1.26326299270294 3.26229276635408 115.447871183748
1.78267130022027 -0.346798260568685 7.49303122442193 4.8794482390589 -1.17853850881737 -1.99450238072727 -0.267731069887372 8.39051083010188 3.00511590259769 8.14158065270082 103.275159104431
-2.35382071636493 -1.54334343429282 9.37373046306022 8.02388395236551 3.55490277905418 -4.79434321726404 -1.41108548706566 8.73454474395563 2.58953106374366 7.36990194662056 160.230012528782
-2.08395862793503 -0.262711950268482 7.64689373069222 3.92358731234185 -1.65530357776888 -6.25882702732498 2.96039755380914 9.97798470919567 3.15575887787653 7.89688445295184 95.2586939657035
-0.722633568029972 3.35170846667449 5.24175348839247 2.17675569909624 -0.0682799738187185 -6.30340676000323 0.118963192446637 9.35149933237447 5.20140789616952 5.43295658215145 143.938483796289
-0.254582287120052 3.15730583720423 6.07340632211798 4.00820625200543 -2.26970823266321 -7.89252757412941 -0.628548928493012 11.5210133404152 5.55997450721277 8.01818869367639 156.907344512357
-3.0599094065357 -1.42641685917865 7.08082165781217 1.59149726878646 2.35323172470494 -7.20751466633618 2.27833651319309 10.1438715741868 0.601973701457174 9.66915916852628 96.7120920189646
-4.20227836387049 4.52582884637478 4.43179146718335 2.11553396984364 -2.2296932703506 -2.10500219606832 -3.00317567839491 12.9946760460055 0.0774585394063005 5.99358817137882 128.547919083757
-3.60666641159249 -1.23544659360559 2.79610710698151 3.20529313823188 1.30442578883822 -3.7371618421816 0.522764273595456 12.4375049410817 1.07861149297872 7.71901525806335 120.877518384491
-4.1258468513663 2.21184785131195 6.01676326816477 3.3750954629356 -2.8876334574719 -6.92167111989524 1.30885166511865 8.15848551263808 1.8572029037398 8.42987264474922 88.2562639648293
0.519398628146242 -0.812734871583614 4.97935690671359 3.57679798863626 2.39131336505971 -8.22719039555762 -3.18487669316531 11.1279342972838 0.481509047293667 6.83177002109 121.147214804011
-0.985362808460702 -0.0399860566722595 2.91251319851144 3.75869744411613 1.6834407470617 -6.55456754470456 0.0493525932142909 10.0240708524269 2.94010033983755 2.59601304174979 119.149829568714
1.69163799983753 -0.994532316879971 2.64597369034431 4.72807421467004 -1.42998550838288 -2.84808147915453 -3.18728659123113 11.3769661830688 4.0031898001306 9.22509181837756 136.878445452686
0.821259731811283 -1.81326183990605 7.7757385631419 0.805360524710754 1.11750486816732 -4.68996452179481 -1.95303426761971 8.28193880402491 2.35280761088069 6.77866839773945 88.4511328061142
-5.5766707030457 -0.59175596265954 7.7982027904599 2.11218909081694 -0.409897829698616 -3.80688945941177 -1.12516771323743 8.02999465772971 6.02966280470328 11.0396000086261 147.374769672325
1.08736137968492 2.4921715850486 3.64293248299765 0.57386208232322 -2.61678877758749 -4.22099000088373 -3.19946232949273 13.0217886821472 5.42764290797042 9.76033471114054 157.037705909879
-1.03839816908206 -1.35057949074047 2.15784647753233 1.50252243971945 1.40125527050258 -1.91538755427776 0.25668843038229 9.3398473695497 3.45279056967137 7.12533077724076 114.089644270203
-2.47110614514756 -0.469582491278516 6.11294834497918 2.43249622997195 -1.80788032975408 -6.25266080294206 -2.80652569818483 12.106795433485 2.87009594454711 7.04536723072526 116.423613270984
-2.83541191719025 -1.28390594349741 3.39478354217467 2.19578808587976 -1.02350258645654 -4.73908486212082 -0.730425438172372 6.64888935913617 7.54636220707894 6.57347426660621 124.322931461523
-0.586687944971196 2.15824331578305 5.22913800494064 5.60933305493982 2.00485919634161 -4.72712638083807 -0.583826449904296 11.9455417448117 0.517326203326351 7.2679486394049 151.015093171473
-5.30028682043647 1.76799714712458 7.25164288970347 0.42144183784059 0.665263018139926 -0.286827316408353 -1.29134715308671 10.936776137871 4.82787382396303 9.74289420211907 170.170900393586
-1.41607073219185 0.211761393830845 6.11714992449402 2.76213207483952 2.03491773258674 -7.3617317475579 -1.33592003956698 9.14377821922293 3.55956269020776 4.39075761828527 129.716459423482
-0.00549370396274518 -2.33833783301617 6.96650243978138 4.56304748221799 -0.878317631799457 -3.33602077297515 -1.99730556461101 11.7151022129672 0.440853890619825 4.16246611433428 82.6515326608696
-6.35094522135935 -0.173831299057939 2.69894693925514 4.59085791511008 -0.483467340342039 -8.91845271698026 -0.244489924972799 9.10608963959318 6.12727085672785 5.84801198804328 146.149907061567
-3.9429664094482 -1.65128534553219 3.98627829257365 2.27087481519956 -0.046950775089531 -0.459551779486711 -1.94439352476818 8.65769316472782 0.199480493956095 10.9693280815816 92.3736095442014
-2.13556789116172 2.33168377524979 6.18452700742628 0.834506366444296 0.367151591833399 -7.75872597636357 -2.67730409576901 9.46238516854934 -0.714313009454191 7.30080887791634 95.1905466325714
0.276425689556536 -2.11351175277192 4.8830657170372 3.44300646079186 0.549696682052448 -6.08929475205143 -0.837547419738061 14.0726218799722 8.68681205523388 10.5582516750897 198.359590010644
-1.83445482450292 -1.82823996253177 7.85320366763502 3.43667448580179 -0.139894195337976 -5.61116069172773 0.877722467152575 9.97134108213995 6.26743593928696 7.65175925862585 135.402631199878
-1.79528659262256 3.01865118997819 2.56706462648773 5.1045847443338 3.8870638443661 -2.42525857320599 -1.24199184628337 11.6457122646199 2.91887033353701 9.75232100350087 207.125649837422
-5.95667873017613 -0.413993344330103 2.65138098351253 -0.221687402379679 -2.62642471912439 -7.6453276999269 -4.3882371714689 12.0272766142019 1.14827909915884 8.05280654884239 93.7866645524797
-1.21418952171522 -0.416046171783022 7.84271242503834 2.26941053866079 2.12037452381052 -3.09521059301675 -4.73617380262952 9.20218695390635 1.17798457350385 8.46112777536136 130.72734877784
0.197073374710704 -1.51998831409006 6.35023565715185 2.26738064747723 5.23721918564068 -1.33908796055954 -0.466413191079998 10.2822864788817 1.72155399902234 7.99639802061159 143.550041933993
-2.53799010401941 1.12210907079252 5.43707545601932 1.93526112346968 3.51748492135728 -4.11298360298118 1.87473455111197 10.0854451715117 1.7171376253035 7.97739096313715 134.888717054283
-0.290334156834096 -1.46369402405373 2.64614577295728 -1.98537144521251 0.62467606264706 -2.53482380643038 3.9935526705392 11.6850744946837 4.15746288090684 6.24522010734438 91.1036075324495
-1.94171656852212 -0.967794229624059 3.21485348225757 1.67610516248024 1.89933945255873 -2.72867345024661 0.443941805784169 9.3005710382351 0.791287370318499 8.92633855386496 100.328130616285
-1.18677380845462 1.08864079968728 8.60827295871104 2.40336289010061 0.873617134556546 -1.31381889024981 -1.99272432847519 11.331292234268 -0.0635539549384854 8.14751134273282 120.744734452112
0.0621040137108517 0.561006137003796 5.31797781542687 1.51824448902923 2.42572832033737 -3.10494030726151 -1.67357169540263 5.6596999595559 4.03856954094261 7.6844740305481 125.578470466817
-1.70973318642712 0.124072123307307 5.41049694495318 4.6151587198337 2.00065404883429 -5.78352833612936 -1.31018449592627 10.548111220547 4.57299566287967 6.6722900264746 164.198332574393
-4.43723163942998 1.77462648623815 7.48600347872597 4.14687010025452 1.76665516675607 -6.62904100767269 -1.84232906466899 8.66720915753993 4.64529676448845 10.3691790200227 180.048957442616
-1.19599526621977 0.903639472234987 2.2482902652375 2.83859329018843 3.35371356500631 -4.83113020694535 0.897447111251802 4.61308840749013 -0.991574517864922 6.80157016619304 73.0512710591073
-4.56865557382442 -0.386469050156766 5.58009885338193 3.06468654829371 -0.0691255200183882 -4.90755246116514 1.11599013125882 7.98521656129418 2.07084558712472 9.33363079133098 100.993147598683
2.14021877996616 3.38864828602399 6.59646318375243 2.77329028788664 3.03227572309506 -6.54401382461294 -4.68605341198432 6.2815019769018 0.679007128307366 5.40363321239766 127.198519927259
-0.938991041957687 3.04333511750702 4.09148521522712 1.53598771814591 2.59865019645118 -3.83923022803671 1.09191942843027 10.5931323871917 6.19801097893554 5.40302678086219 179.526520980414
-4.49259522203893 -2.02941214225924 5.05676063637216 5.06099200246184 2.11904711049185 -4.90958629243128 3.1856049634269 8.84559736035154 4.17661868518069 10.3302494412828 140.899425023044
0.772413112861087 -2.75787617052889 4.36691423441833 2.18799979159545 0.524027060574592 -6.03821571280619 3.00577982835889 10.9298127875115 3.73883510859737 4.79442808869021 87.7658471658247
-1.08441045712586 2.31167587545598 3.0991304303319 1.90060786519037 3.05575036011578 -1.62220148383582 -3.41576772079359 12.7402684626022 5.5640878200139 9.39079761557101 218.333030312561
-2.56695517859043 2.93505547578979 5.61159984047545 1.37308193684293 -0.331311549465589 -3.30451731452255 1.85989331961528 11.941000966446 2.25552028094548 7.81446719989585 127.68741124974
-0.776238752489654 -0.257704365562467 4.16316280464326 4.64619028044395 -0.0515997602010818 -1.05294368471433 -0.143980086398227 11.7963920000327 1.69216317927843 6.74224773676519 122.389579138235
-2.41289341606026 1.52922068227393 5.09208850360049 4.0463119672986 -0.342096714707034 -2.74424750839793 0.786920991261279 10.4321377578072 2.54143142691747 8.48054410649863 132.009712047162
-1.06166190185834 -0.865188032602872 5.11378617922494 1.22244644880792 0.876859330855911 -3.00519999891693 -0.580685750459397 12.272435934991 7.77721442396131 5.8925843512035 171.329671738903
-0.300171410271854 2.80558430359761 6.55418369429201 4.17218185392869 1.58485626541417 -3.51043387022941 1.20941901715887 8.73656266983868 1.89017073752075 9.12465963836484 137.810761804377
-0.908929769111517 -0.320773602991196 3.5320714722142 -1.05311669899115 2.58061850193011 -1.699824650247 -0.102189788420008 10.8996718425065 3.53275006304781 8.36441410158965 134.459031238236
-3.07597886834987 0.635899283164942 4.63327115595122 0.0490901013098681 -0.420823584410665 -4.18273958805014 -3.55394526575236 7.66890525796385 3.32955045663931 4.55181861400565 101.743549135777
-5.62672168233371 -2.59238689043559 2.05816385037165 2.57050809800988 1.05998242067349 -4.50594748878894 1.77509137641572 8.8560767331147 4.59880390482612 8.31815226026314 118.381796824553
0.342567638000808 -0.331644162808684 7.29721905152437 1.36847371398525 1.71771655434024 -5.62425976084297 -2.78551206646979 11.8934496840858 -0.84703011872281 12.3521079557529 115.825758178394
-6.26515302341784 4.2712608971085 6.11339688505526 4.24759846645892 -0.907757788835331 -8.30575048240654 -0.915500632611236 12.5718045889861 3.11842942334804 7.52855970081933 173.395833178038
1.11024475583521 1.09684554370246 3.21819661177822 5.59952125735756 -0.666601946041921 -3.60973288247904 -3.20168712843197 9.93081985245166 1.43002263903907 5.24576079908977 117.172461185286
0.133024233616134 3.92350721000925 7.20023083861673 3.28492137953914 0.227281151016459 -3.47092138115186 1.88752884053569 10.1068668658309 2.86993618537698 9.6479942594069 142.118277288042
-5.13415092243251 -0.288547630601354 2.37959099347865 0.789554186916889 1.516364672746 -1.64081023060454 -1.97917729744786 7.77573674588772 2.69371749289112 6.07344433849316 117.005510902314
-3.57741192741931 -2.06708564263009 5.35728967682408 3.96465595266282 3.88770401514539 -3.59167102143546 -2.36496877358763 10.0207404693408 4.74334688024089 4.87651763333059 167.699259179194
-2.5175588210462 2.50752013694077 6.5325748751512 4.86463077446886 3.94503033900663 -1.66325679946777 0.319735161144501 8.02759355284891 4.17207843318066 4.42531161071714 173.935719792527
2.69617554823386 -1.23417558376335 4.68061977012156 0.102599179863689 2.17809515157499 -5.29367006323992 -0.0841583446282703 11.1583938293525 7.34554811179838 6.93808635457372 154.075348030388
-2.28094190632238 2.03727968771093 2.67618015792715 3.3429675794884 -0.560955387137316 -2.57630404855821 -0.656181306627813 11.5518286215419 1.26592883014172 9.05286320528096 130.704574409324
-2.64687082914584 -2.19419742112797 6.90112381436921 1.66833382123913 3.6763001609262 -4.68393616259846 -0.115631720440797 10.7148204863402 5.60427695988488 7.23210015293645 161.313771914878
-2.8358292809704 -1.15191691038818 4.32243618979103 5.20907626597361 1.52010036310658 -4.90385016003886 0.063876373345374 10.3505168830687 1.30440269809492 6.61747136265617 118.956207316329
-6.75592514967149 -1.68593428471894 4.44897355536457 1.61922899441199 0.0901783914017991 -0.655602473157516 -2.93840362751978 9.0190570928824 3.17869495722737 6.7851803866917 119.671659371813
-0.683725983343221 0.262103210646224 2.35324167978042 1.6986289892789 5.08324312513954 -5.22096372315325 -0.595547030415143 8.55764360765465 3.25650179596148 7.97967821777772 154.780897397325
-3.39612204682757 -0.118273624755197 5.75577930462718 2.36591646013682 0.633911085381137 -6.05705555503671 -0.768277525932289 11.0323515647134 -0.939745810148735 9.56641582531279 97.4374715611054
-3.55938987514891 0.988190805508305 5.53276908797481 5.11405615151921 -2.37495254070173 -2.37149942216503 0.0876043776382338 9.50606363315155 3.56415295226595 6.74007694620035 119.101096303547
-3.56670094328896 3.18302483004395 5.25706773910108 4.73882256037986 1.88311664193778 -2.21992916570901 -2.38111373497969 10.7218058733436 -0.30325107483351 7.3337725593379 152.476362379699
-2.64891672034974 -5.51950204677064 4.90203070874221 3.90848344484427 1.79500859464734 -4.15755366110807 -3.02390886767722 8.4700228257056 -0.557741574179363 5.84467491688934 65.7756893298591
-2.83623552290072 -0.685953996883831 4.54729530818947 -1.72045941232039 2.47166688686858 -6.93613528121045 -0.650846711855917 11.5167878546893 4.45877455289728 5.99375112313444 135.65438743539
-1.20828817006706 -0.626454913989661 6.35523523282623 -0.105871456319247 2.29887407445542 -6.15568114231535 0.0587022962455166 11.7467152529526 1.8403559539369 4.22189527915308 104.200518383225
-0.282450272637311 0.663228663048967 5.57905241901556 2.46579560887042 -1.33260990212826 -0.55731648258409 -3.72010249354802 6.6924376445523 2.23685756041839 7.89456263133072 101.11102336036
-3.38189940730812 0.638284675322239 7.26131123007487 6.52171613048263 -0.403075791861372 -5.83530616820058 -4.07627056860787 10.3146701752859 3.30931295906878 7.08339132570053 158.334639070058
-3.97652136621907 2.71493921801555 4.16011620410943 1.49923393220221 3.71460662113606 -3.28274431381044 -2.16195642630971 11.506519573836 7.29761228732406 8.19906145680088 232.563973708288
-3.37259619184311 3.66791644831647 5.65109132725642 -0.0271866993444485 -0.647371837783292 -4.92568325244429 -0.0912058738051178 11.323839288757 3.18746239202524 8.2789643798453 138.338956204066
-3.34805805098815 2.79679634921945 5.12592329447738 1.0500415339126 1.27493324943908 -3.3466156379184 1.06449057755215 7.18116506825708 0.981799871394563 6.10673936031472 98.8840198820892
2.11976354087629 1.88384693850713 2.22475221530183 1.54053739844114 -0.0418851851476525 -4.76340109156512 -5.58836187700365 11.1952239226757 1.98411934828864 9.14350508468624 142.236574520974
-3.12288318471287 -2.06038324721227 4.01664206776059 3.05776046383163 -0.0738928819422633 -5.4564749928944 -2.04536370287045 12.5097334674472 3.98073097319558 12.9131498146913 155.024863263408
-3.46720954859953 0.812241402221061 7.88802001615382 4.20168081241154 -0.142508576047521 -2.49663985447568 0.315628014462639 12.0624005366288 3.80549489445905 3.61906348050586 142.334598408358
-1.10111328241915 4.65175079155292 4.17349760983819 5.48347394952015 -1.16309236245631 -8.0456206869932 0.879700066343442 14.4051316537403 6.41275026439512 10.2158193504454 212.524907687906
-2.50228982993918 0.407115317398511 4.5712092230547 4.96412114830283 2.34940598643475 -6.55966953925039 -1.20192103590926 10.9225632058133 8.35327572521866 8.37688219828791 218.625636407359
-2.2632838957349 0.286897444350606 3.41907920210857 1.29547559792444 -0.98438366997069 -1.38222704813167 -0.871135201928052 8.97265465037341 4.40805327502625 6.63824561531025 116.435642483239
-0.57720486602923 -2.00569655216479 3.71935025135172 6.22669135227253 3.72073550184807 -4.82056594177072 -1.2890197522664 10.684166598905 2.62460566929297 11.7739035554214 169.902347341271
-3.42101159460453 0.475075665770001 4.9699375133193 3.33940870753242 1.33552779257827 -6.46595092806232 -4.59633954807025 9.02902453064623 4.3336100213572 5.04838667653476 155.738213140138
-1.4486999598143 -3.92831765590509 6.39466692201107 -0.605408505124994 1.82467793532222 -4.75845400873545 -1.40752665487369 6.83961814560564 2.20338692544846 5.05273114097367 60.2458019432444
-1.26001501908375 -0.365795055367458 2.93241645983752 5.89647547473364 0.0706058016085817 -3.66882737004564 -0.733358342010121 6.28324223038233 3.08498822560753 10.9737683763538 123.060103996622
-0.826873819412762 1.37539740785035 6.60617292380633 0.295927045194238 1.48960776715506 -3.35826051135402 0.624205871403925 11.1527494778863 4.57332270603347 7.39625701851682 147.641745065604
-0.413962665418179 -0.604002060218648 7.38414867069042 0.714452422197264 0.651962158663963 -4.18118751422021 -3.18423107521857 7.1670094076133 2.07874848757492 7.29615767374463 92.6261335799198
-0.00627013992387337 4.46651797980418 2.90689512747124 3.48223482767427 -0.796355102589938 -4.92738561891814 -1.46663943581805 11.6970428058162 1.38958513063463 7.63471786422244 143.661099339133
-0.344120118709174 -0.910314189616473 7.42953430617844 2.53512119797636 -0.429305553519027 -2.49329178160245 -3.5476739038698 9.43674957752531 6.70822795018463 9.51409889108831 160.389042240703
-3.79584694551375 2.14173031084394 6.79084728742405 3.64231465134861 0.356591559981307 -2.55779602437718 2.97454371839195 11.0009854898744 1.95506617482516 14.0816035984073 149.091732068664
-0.988520075730108 2.71684533834872 2.75379233107713 2.70835172649765 0.526786793653293 -6.26316782729631 1.13011480259536 11.4293895170052 4.26363755720393 8.02024239405922 154.385024302835
-1.88016285513896 -2.03561463080712 2.80963259698035 1.41728696950032 0.618672085664745 -3.01402059239 -1.47325547901814 9.1922608768754 3.28049137714413 8.07032782887437 107.004893800038
-0.103436067648937 -0.349574081420836 4.18008076495747 2.09633771215214 0.81227344484774 -2.19021434793327 -0.177249183098457 11.2576470661627 2.38674092625099 4.15839139342618 110.609607838284
-4.95168409956023 -1.588988285856 5.27650742005462 2.14721150643944 -0.189823311322982 -1.87376504945594 -0.655100500721554 6.31363064844493 0.938620529216786 11.6114425853854 84.1194800351177
-5.77143060118866 -1.0995716134157 2.40146891502799 -0.8182847289666 1.53291821812437 -5.21682990069943 0.22628163385523 11.8590255715335 4.48570089158102 6.93109675240336 135.531140323153
-0.358335143928084 1.21105874821314 6.43850804595236 0.542438890457966 -0.873655492591062 -3.09954332306262 0.246110762980679 3.64579090241712 2.80404646630233 4.77639012083205 56.0636699296997
0.00940457220258084 -2.35468589053019 5.94709210905887 4.16365740857196 0.247877530159345 -7.28159329637631 1.21155972008806 10.6299585670256 5.75015614172332 6.56493086886023 129.011096589385
0.0701480338541058 -1.95733819472255 7.30052155473967 1.36401072719368 2.2768802803747 -3.27100753894863 -1.06677732144262 14.6483488502456 3.18136891920848 8.00816137609036 150.760489197348
-2.70497546790046 -1.57544882649323 7.83676972279154 3.62805325354057 6.7858054998846 -2.81421281458032 -1.05412110007092 10.3849322790145 4.30551179031484 11.1694038600402 205.557346812468
-3.08061091329486 -3.40878038891763 7.84686684488388 4.57448731268986 -1.03246307267465 -3.57275021124138 -2.33650176394472 8.08118936321666 4.16599671949031 11.1933649219015 116.764956507545
0.732655400025419 -1.15442523719612 4.32912171298024 4.76583408667537 2.38983426997217 -4.64897073111274 -0.829830448344578 10.0464275925643 4.35677572359876 5.42749450308282 148.234977384513
-1.92980778691276 -2.3403138363176 7.48856782321888 7.11318914465603 -0.0438231808618121 -0.359055624903491 -0.575903250510653 12.6971500411116 1.10580190437617 11.0622342954354 137.188474391699
-3.0813532088432 2.16434161260037 8.35918036288187 1.23242693887689 0.0731843610846297 -8.38816786652358 0.374224217272275 8.27596635087762 4.09937987242504 8.52476554292752 126.610788845382
-0.186721884233141 2.5116036923345 8.0949357704557 5.92403559693171 2.27019027102851 1.36324638914373 2.9921601185558 7.4922078402246 3.05384459986187 8.89127785965574 154.098833505361
-3.4207089371324 -0.379981115860709 4.6439588354964 3.36872374894311 -0.392079606735559 -4.66774532142452 -1.19135165288157 9.49137608507477 3.14217300786581 8.01539344945006 121.540722175353
-4.1314948060216 -2.53310077587279 1.16370171176058 0.10887861621233 -2.05257744082484 -5.42381627247912 -2.17068667612291 11.2892936649648 3.41678163604359 8.55441074146784 94.8279425651038
-3.71487165752332 1.07913393017096 5.77886075856529 6.16349539137223 1.94748555372295 -9.29627228116607 -2.102922522105 9.80093284091237 4.70953588167522 5.22694691793177 176.315985754609
-3.86037889685458 4.19884104657569 4.12318840457081 3.96178687076045 1.12288373944097 -3.37711240355954 -3.65986204671527 10.1463614251294 4.12190962910954 7.70280317032722 197.452284005124
-2.32670740920389 -2.01292828311543 3.93104982184131 3.07363566839837 -2.4150227784949 -3.67910730788222 -0.820685557394779 8.08335779867824 2.86951568247915 8.91099858078363 77.4272081163481
-3.23986805662507 -1.41625483325568 3.0950102752831 2.3002178269493 2.36928242273904 -8.41871744444377 0.0315939321438974 8.22837392938042 6.63860586221072 8.88642562136445 156.556661057742
-1.64853652331434 0.167928657305029 7.99476518617062 5.9151151491666 -1.44066192252587 -2.9122683819031 -1.14302937274677 6.94950365136493 0.838946069625019 10.9695701524644 97.8107793631272
-1.18925278031009 -0.58142791935411 9.5348906631857 3.56289360936124 -2.65549162998559 -4.83005833924457 -6.07572171467485 8.5052213735183 2.19671993918273 5.87851282891325 93.5916018776407
-1.80102102717262 1.16646393751707 1.92601818635336 4.96823218187698 -0.358522115299142 -0.593974476827842 -0.68705115832136 8.19520032098676 4.41260964938441 5.39262755964248 136.843132600519
-4.17695502274552 5.41025066464985 3.61727305875375 3.86302417178002 3.8421003468838 -6.95403253085126 -0.641681212820032 5.0849525934238 7.0311833934177 6.49220405958993 208.254345680059
0.02622037320688 -0.523205825527848 3.28644851261557 3.7428458337531 3.51956872449614 -4.94688301763416 0.792684300993092 8.67970164017203 3.42192590829165 9.22201109226788 145.537257557089
-5.34038819646746 2.41593666121143 2.94065966060676 2.18364563894329 -1.79254107376214 -5.49889400952169 0.655484049953588 6.79096158382953 2.50582910336473 6.60784791737674 91.2754162413346
-2.50675616971452 -3.80274009284867 1.03648570628348 2.4251966793838 -1.84244952784457 -0.382607061845544 -2.21619050305419 11.5900365123387 2.30851951394261 9.0295128997681 95.4261660137159
-1.07442135769944 0.929768260440606 6.62418190502016 2.68112220497596 0.928130257410304 -7.27752011334186 0.755874848501336 12.5671094239451 3.62681720397031 8.68580645306009 149.63813690568
-2.22514362345272 0.237929317769816 4.81324963585414 0.190660959380197 4.99093735525542 -1.85843245384053 -3.18314955868362 11.1051299499617 4.96917232512469 8.43105773307006 196.241853304032
-1.2846963893071 -1.15042355367579 2.44995560843881 3.4952094390611 1.17282652149018 -4.7026349721279 -1.49748235544227 8.5347450486972 0.498829164703185 8.51744814881441 98.4780044387435
-2.41835801387565 0.0203075355775446 4.42030169207958 2.72422525922417 0.44107425571668 -7.00895690625801 -2.56599210821915 8.32839538885289 5.66914416537053 8.77033714689745 150.319673679021
-5.38547138013356 2.21696939172529 4.70008634267955 5.23561195649761 1.19297261462255 -4.71255796408337 4.47906462795421 7.07565222608521 0.0998502838580229 5.4486120530329 92.5112063243057
-1.74997572019927 2.31029921314525 3.17156567374362 5.89458795336323 4.51652612244632 -4.80969974023218 1.80112637106233 11.6390353405852 3.48483583247476 9.18461353159471 202.478757579715
-4.0876039142452 0.00642083596591095 6.18205183436979 3.68259523458716 1.84836922567507 -3.9001262165879 -1.53354460828556 12.3476193238085 6.18507124128216 8.43613820854788 199.435363112372
-0.0446450268355272 0.518998016617772 7.37398073293185 7.50693038096635 -1.78877105147262 0.991533380425584 2.85759099117301 8.63482681743134 1.36685846802757 7.44840105211295 93.1385540102315
0.947907434479653 0.405805341020663 6.97842419874911 4.97029359899122 -2.18456816332662 -2.81304271470342 -1.671332247274 13.8875418925589 6.97694160026877 6.52185885823964 176.276543832143
0.0789864365945778 -0.560826061942586 5.99526080800417 1.67202583724362 0.545786169832566 -1.51822230793854 -0.893738456946135 12.1824354229858 3.33192162780155 10.4887612758667 140.557265009055
1.14515739060758 2.11288499674331 6.67894065855413 0.139459511677762 0.796204436696991 -4.64017516301149 0.971781328261881 12.2383003961193 4.91650937636276 8.58948842864144 153.627648170436
1.63390244937492 2.15509804382971 2.56913632733394 4.45912697556006 7.06617822483828 -4.62692261763517 -4.58767089934751 8.39850134198643 0.479375473866721 8.0114954933073 183.228675716311
-1.82156886303503 -0.293080108051327 2.89339756794276 0.00110394253300328 0.613915673108472 -2.14484976642171 -0.567645032428843 7.9080439441423 4.64216423572114 8.37500980731185 118.304912905426
-4.65908865792022 1.54115433158007 6.98506905700858 3.2142428693087 2.29446661605548 -2.35482048527191 -1.81777168760407 11.4832420909158 0.819933864011285 8.10503343930357 153.75774872949
-1.06491107297758 -1.82746865976701 5.76845871697698 3.89818478181246 4.73826285372202 -3.34367389109181 -3.31576209331347 10.0046162029734 4.09802626454651 9.0705989350305 182.148367686208
0.917413353147378 0.698842626373977 5.78233602390871 1.7187363829384 -1.0223739864839 -4.86788679300442 -1.57081084803836 14.5691276462467 0.100038585091611 9.91618133574624 115.511684728657
-4.20651396357608 -0.955396547780156 2.30378214303985 3.93114798278268 -0.453888362782236 -2.69961341609337 2.20250094464757 9.43223330168737 4.98554169280443 6.36264089980162 122.268502579159
0.604043442653798 0.149118328364881 6.06177765301091 4.63449082202856 3.25551740611259 -3.06347299789785 0.79340043743191 7.75257816740528 1.93680633326631 8.89856629268973 130.432410913451
-2.84647276964115 -0.145863329869012 3.45233911479398 3.69953717167921 -0.0661152131902161 1.00849921516818 -1.67958992076802 10.398513723352 6.19179629693735 8.81772895505732 173.911699821137
-0.922662139348994 -0.916524748371594 6.38729688773239 4.45107501228275 -0.589571977968273 -3.92506869881939 1.24972353391737 8.73698237539759 4.14727190157153 9.46354617372033 117.313930454408
-4.04986111534974 -0.255846472409128 4.23334124168389 2.64109876516024 1.33276668558488 0.666664572435397 1.6737818905908 12.588594564812 2.91905845309027 6.07135130503476 140.740855282278
-1.58002723809148 -3.75582282857627 3.44961012554069 1.12240246029361 -0.5102683436434 -7.50047342877695 0.641817401401277 9.11090313349541 2.42424496053563 9.29800642948519 67.2747899703224
-1.94721520423366 4.77591152226999 5.46490273973253 0.74083101368366 0.384063964770073 -4.52656285593128 -4.76437064561452 7.66744989701439 2.33357185503455 8.46739771579884 147.16229311238
-1.36972547213032 1.44222119814631 9.49789003437831 2.27561180750455 3.80643162763562 -2.25919650890246 -1.14483126554912 6.85844193026042 -0.424086817332218 5.95885925761423 108.561213861405
-0.557200443765995 -1.34012783764395 6.25484185754538 2.05617113202234 0.035111131788776 -4.57359180928055 -5.51286886758106 12.4767233034427 2.96271490559132 9.55045289369124 145.117973561084
-4.5362557695545 2.74625994328174 2.59539290419192 4.22790668267107 -1.33080877140524 -2.95267791952379 -4.62364041878662 11.1839627961674 5.4316365106197 5.75679337252516 182.677318508119
-1.16322807591804 -0.565642717607607 4.43785047953589 2.52105833978193 2.84489047432418 -6.36401363835781 -2.89578186050534 9.59089412822604 5.26772478062573 6.81927211778631 164.800482716248
-5.90457731942049 -4.72444709666469 2.5564429226296 2.29626851504198 -1.65830923766406 -1.96460712993177 -2.54126156295114 8.82845071445521 6.62578201952939 6.57665947597704 113.813411697382
-3.17510691058341 -0.654798499076495 7.87366458070108 3.95161530967132 3.18010931272988 -4.49061462524955 2.99933159300924 7.01918674887176 1.18614957109121 5.76158064429567 97.5777721137876
1.1999256785615 2.4901930478766 3.56400001568394 2.85263199358729 -0.10698940464015 -3.87380001422578 3.2353553867462 9.68936118324612 7.74275962739108 8.89515399459992 167.846047606878
-3.95440978701723 -1.18975891109108 3.91027340602373 2.38263739560999 -0.555778192943817 -3.60538809416925 0.302381086069713 9.37009921319143 3.02515869431879 7.11660441680421 101.111085272617
0.470259666752416 -0.744983181351943 3.18206998038341 4.8755310614286 1.27564164236821 -5.3561187120516 -3.93398290715102 11.5182588420776 4.04229772059517 7.91793490671473 166.544668690038
-0.986621084893863 -0.70873765606192 2.48052916662254 3.994515039038 4.51496178042531 -1.99097531603971 0.277091668638413 12.7269511203725 2.14416726441908 7.11639540280261 165.277441234063
-0.889306767442276 0.784432444321598 2.75871103473242 5.13586668944518 -0.0337009957665244 -1.17396299515292 3.30533059058321 7.84845644707788 1.80569851002355 8.04447776100026 98.9569440857618
-1.95652412228581 -1.56741387869143 7.15746867905112 -0.615300420181817 2.81251632008315 -5.46316584522099 1.12253997632024 9.77684828189637 6.10790476872599 8.34663485290258 142.385892326159
-2.18030160908197 3.81464148915697 7.60755098451965 2.27976936479063 0.666808042102504 -6.28740508052129 -0.530696339728307 8.89730303610217 8.63555025020325 9.66026219062863 205.023870318385
-3.23226870770338 0.296920687063126 4.76841569677863 5.14459910100754 0.87947198669779 -7.99933322440349 -0.291757274714899 9.27044461178019 1.21846144198388 9.62813091127388 124.959540092405
-2.95424866704278 1.21832986210654 6.02280919057823 -0.295395343452538 1.43020516260283 -1.87710889079623 -2.54421298048568 10.088006584566 7.5479404028218 11.7609895527095 197.6822418044
-0.689442566022807 -3.03900544729267 5.23493557494192 3.03806199765271 1.43924133216731 -4.84814469018113 -4.33745444031471 9.15871906590719 3.45743884052752 7.6808339069749 124.767654391606
-1.24152811683921 0.929986607985177 3.64998633793574 -1.69961250560512 1.05243546500824 -2.76348055114938 -1.17163778806864 10.704960875023 1.85658044930484 6.00083280701971 103.685694897012
-4.34320538898521 -0.941940200773767 5.75326591500969 2.22095732908069 1.66756177083964 -3.99594230361096 0.158905619541701 10.5712761245351 1.4952554490237 7.31894640264033 115.450581374009
1.10895381744431 -0.513979057547011 4.86055807784635 0.75993708733524 0.549279973243489 -4.58231014197537 -1.36350646559104 11.2031960255439 3.7811490170108 7.24036639984725 122.509966356315
-2.07484067886876 0.797650562988698 3.97484961896473 3.24545660409417 -0.75045279247521 -4.22311849906728 -2.25137689071897 8.52196563420862 2.05081730574972 7.82465550963974 109.162982305806
-5.93225650174994 -2.01386828221857 4.09929985690233 4.09136936664194 0.537167729953088 -5.73628477528483 2.12888588634151 10.5463389719186 5.35090287548967 7.38253176012411 138.270499753437
0.885077176610876 -1.82497830781815 5.83155805664438 3.43341469690574 1.40997942416454 -3.74136978644729 2.35160830757044 11.1242943735515 2.20488137476365 6.09358968009964 101.68867795147
-1.53013274245318 3.15478263617116 5.08044625348768 5.94700839874356 1.16697328586122 -2.63226503966677 -1.56460560876918 4.72466753362616 1.6662257823613 8.52666151133375 130.273899744242
-0.835653522941367 -1.21054450225184 4.44550653974696 3.21827232378879 -1.21337398823759 -5.96644760453527 -0.906437776720001 10.076606946755 3.97154022849178 9.36810919237669 116.355026814851
-2.2637209667363 2.29890222272038 4.40158324930817 1.96428311097838 -0.983906185985514 -4.41552931805999 -2.74308172578805 7.23252379902929 2.96624737391777 7.82964854634373 117.514781867365
-4.93389024850283 0.177139063085984 4.25853340963683 3.40952871595484 1.49489351691302 -4.13273635739886 -2.27623859750728 9.58232634035939 4.07631354248883 11.7286229919283 171.941963102261
-4.16780696398754 -1.01449098206164 5.92556541072512 5.1630592490384 2.19315670872346 1.27098065956579 -0.955289510831937 14.152413828879 1.98158030099689 10.0426095575712 178.012349413474
-1.02554764833575 2.97998195348456 6.67685180055497 1.43980594327113 2.10699926896955 -4.98047942118234 4.77706443186116 12.1975530313027 3.62403569462938 11.3668820521157 161.582594841805
-1.65614619103994 1.42099583047545 9.95130169272829 3.32023628367936 -0.238030489999639 -3.94068255703335 -3.17860196272211 11.4526425432393 3.90923903193958 8.36340531924164 162.928152808201
0.4746646028161 0.125742163797046 7.18790661425356 0.941444920432247 -0.136573662344849 -0.376178954348783 -0.0153621311170098 10.6120996511843 3.93028147581428 6.12010725341471 115.895701952327
-0.655793097776495 3.40952040270689 4.02403738049294 2.83724840513996 3.90799630012223 2.14838761373903 -3.99258901002579 8.66770559555505 5.28129218783106 10.921134545751 222.455176561898
-2.11479168859493 2.84900916598397 6.04945462007133 2.55342596567178 3.79197716809099 -2.99588407979652 0.522276351461427 9.82763556468743 1.9196743664669 6.84507537580906 156.276234161387
3.04779091416758 3.86208139828497 4.77079183614962 2.4365617877119 0.944562701111529 -1.91827258478722 3.07559430669888 9.86444166387483 0.482662852963197 7.47075899431206 105.68363834819
-3.45971204202291 1.28212933747636 1.95984783617672 2.72719924494495 3.72533558385395 -2.74781563473276 -1.66407515992681 8.39993352287462 2.9521154239894 8.32766788505728 162.44828166337
-3.09642779576868 -1.84834919792088 3.40012695621215 2.3312660918333 -0.461355928689888 -4.29338793142043 2.50658883052595 8.85334080458499 7.1660575944854 9.0141378239964 129.499435943524
-4.01321667056061 -5.30285234515938 8.81453688145928 2.00176504649264 0.590651430934783 -0.980256327219719 0.920103540116733 3.44521777988066 7.85961987700581 9.04410936669515 100.199844376959
-3.95745663113922 3.12419084573692 4.73855401409359 5.46113341191939 -3.83044242611923 -0.770773541601968 0.755810607418101 8.67854257033655 -0.515488982734488 7.75242399455101 82.746648084427
-0.628587739357325 -2.33495532915279 4.81034553621005 0.902950053313791 1.46276304225986 -1.51759541743895 -1.47649094083353 11.5285634541174 4.71548564214267 8.12355156481916 140.084927389975
-2.57589825108324 0.551301675147509 5.9493459463836 4.04999590321225 2.16080118536936 -0.564164487013858 -4.1355858096013 12.4522985410079 0.587985368603352 7.2208933273537 159.244848163953
0.319978832972003 0.296602578442041 4.53424845848081 1.54083596107201 -0.0208525865594216 -5.41727084291362 0.293132589191909 9.84947823778752 2.98136357304123 9.08529817731828 108.540489272125
2.15696253263711 0.304939555437484 6.03990216435166 3.20501052585832 1.78494269396097 -3.66642091290177 -0.833173980347605 9.22290226332018 3.4099332186724 7.37360802703113 133.494995702523
-1.95900599513224 -0.358070929969886 3.75762937488811 2.04259976299041 3.85645830511842 -3.07007527646138 -0.196834472512838 10.8801702502126 1.77547543275291 8.39321382585069 144.809610679617
-2.74924169716478 -2.92675037351582 8.54808284614689 1.01781239457377 0.0532471231784254 -7.04041016859875 1.45957447816845 8.94750370112681 3.25468787833665 9.1737461472335 83.3702867402168
-0.00813635235249999 2.54400738705458 7.2197616672087 3.73975197040924 2.44156153375798 -6.55019070556106 0.238410868770314 7.5776943072508 3.47372818273594 6.36755333205576 141.869400643191
-3.55979872788161 -3.65930812416911 5.5385290282694 1.52609320362771 3.11648148014231 -4.67227587939937 -4.23772055496176 8.12252724550038 5.43198048678967 5.91532383215919 142.673267908696
-2.96160305664794 -0.0779779625158829 3.11799198043024 1.50650551954886 -0.429220791930892 -1.64569446371412 -0.678881229171156 10.6712000566852 1.21470570649519 6.99834533407805 99.8053075191001
0.402816928761554 0.200508237043539 6.1339410743752 3.26266894158372 -5.5121785509786 -3.19665156526838 0.528154666079351 10.0047202177538 4.03473904179662 4.50420529478286 66.8618382076732
-1.80455543328923 -2.82515259241484 6.206848651428 -0.220641444143975 -0.894410318816432 -5.29437438103624 -2.50116434396134 13.4963518755412 3.56033925388565 7.72538882167522 110.78056784695
-0.850969356522707 -0.150070360075099 5.85065694010686 4.06892455154658 1.39313155498185 -2.38957089811986 -1.220916582258 11.0156925251631 1.4126614783532 7.01158011039564 129.822465427191
2.41200506683881 -0.329864715408101 5.7976901061934 1.29339552153771 -0.882055918110606 -7.15766937452571 -1.06631440099569 9.66314092138672 2.60762070440333 11.4029236688875 98.8309246382285
-0.785749078352698 -2.5630017628439 6.84918669333403 3.31710868704283 4.06653569130986 -5.98120804744341 1.34021414052976 10.2149683835749 2.11417055577989 7.75381923220618 124.489682997606
-2.05290539293438 -0.7774203489533 4.66283895300833 4.99095707359276 2.17406797491485 -3.80937593936441 -2.55381444084149 12.5145549497336 4.51829905818819 10.2331580229611 192.04173701651
1.21248949425153 -0.582353337233365 11.5013626495719 2.64859168300473 -0.818165712050234 0.204579049967013 1.05532196788766 11.1564607749973 -0.215771208404469 6.92814495948165 72.4298377477897
-1.48158921973159 -0.331095084318628 6.23706534721854 1.72467954594984 -0.911593763007608 -4.01152994068109 1.38417929136556 11.3059183515854 3.38365018129181 8.1344875668803 109.014184901466
-1.03260710200535 0.955309476849282 3.76017792955226 -0.460277931104745 3.79326772610495 -0.979746685587431 -2.84248095103314 12.1154948218008 2.53913013424906 10.6461826861344 172.658465764762
-2.40440432494141 -0.888707160491607 8.90553894266672 2.99641121698771 1.78864787070591 -6.57873606934231 -1.17514937830886 8.60180778583688 -0.12586878587526 3.79775604328116 79.8623847666384
-2.95749474844223 3.22209535371317 8.61675820109787 1.73175359253897 1.56845298643674 -6.38907302727216 -4.12874090775968 9.2743782540125 6.4993603777045 7.03784245283331 194.872411407353
-1.23561098906769 6.19592387273932 5.91917915591306 3.32840372372446 1.9244719515982 -3.72176815686238 -1.73994939073379 9.26085850131619 4.47367264459438 10.1010474521692 204.134751530026
-5.31343601154111 -0.118828802991754 3.94247451933491 8.29745415903646 -0.793876686468634 -2.05055606420837 -0.0178444410049623 11.143089632621 3.69322555482411 5.38469135942069 154.155173066103
-2.22295586339684 -3.30236316419898 5.92717932394521 0.167988223211674 2.94587297590075 -3.37882922674467 -1.20906060395243 9.94325814665032 2.07068483836575 11.7627400101138 118.324025966203
-4.38814086581675 -1.08611338036526 6.55700075576651 3.12268696508 1.11635673332284 -4.11751937626624 1.25002751613529 9.75217394359596 2.59430517312871 7.67767891613773 116.55043920212
0.967241575263887 -1.26240681966642 6.70376129405092 5.05115997001935 1.83621429144632 -6.35628343884371 0.366278479724801 13.1411627072033 5.20501626293963 10.9265038963855 179.083701292748
-4.96591725100221 -1.19041101427223 7.7704765010428 -2.09289119597147 5.49543950298847 -2.87592420474888 0.593054677649034 11.1918179677716 1.55196868426305 10.8039582461612 141.734835685379
-1.17460041061764 -3.77016964444787 6.05571762511961 6.03882232187297 0.167953661474901 -7.41122723453855 1.10637785329118 10.3361542058191 -1.35202645776322 10.7011413392892 69.1623182110212
-0.363017615250621 1.41835919376945 2.85879997671413 4.43666389337387 -2.13383834892433 -5.97307938526493 -2.95333251563085 10.6265447328651 3.76023508139381 5.98214004904273 129.793630065152
3.03472055167395 -1.2417299893986 4.37673501293943 4.89913250643713 -0.383427906539493 -4.39301403129337 -0.965056323636766 8.82788414829418 0.303845900327535 12.3674339571527 88.9088035634947
-1.25684256767874 0.0682345483421499 1.83561661871574 -0.962031569231062 0.606279819856107 -2.17220234737741 -0.735206217807059 9.28289752783378 6.01113949480986 10.3846796822816 141.591138968835
-2.333597218635 -0.958106199721163 6.91030785151211 3.88213083795204 0.438995104986768 -4.9844020858694 -5.89370831576484 12.3525918840814 3.19051672334685 2.71076573812384 147.054345224548
-0.447449531464247 1.25749487216163 5.05132947524501 4.43668596328248 2.03177920306416 -4.78777615081087 0.462223880014592 12.2871880788346 2.42278526576399 8.33207538083694 157.402252324798
-2.26762519027505 3.03290510838855 3.04628299490618 0.0990412519498109 -2.37053044833738 -4.04827040763346 -3.70637963059353 12.5555912370917 3.68513083329859 10.7090446376934 151.921167817668
-5.08314933332008 -4.81567210030597 7.03302622941924 1.33749581254707 1.25837056333773 -1.81850799373619 -2.42728274627568 9.50476138517904 2.67084536262034 9.23271771873901 106.15497153568
-1.05708096328608 -2.52991646570493 1.9897507097726 1.35336232649417 6.01194168615852 -3.83971287343599 -1.21271441411384 10.3432593760127 1.32298376972756 6.38202630864361 131.662938637253
-0.248445232731811 2.01161736464683 5.54790576671965 5.93387365140955 1.00607282912918 0.00100519363739604 -6.50706290281035 9.30893880009508 2.81531853522752 5.75317724062004 172.929087475618
-0.717845423372839 1.16284714307562 3.27241981791043 3.1711061126706 -0.0212199640841608 -0.165876901531037 -0.915189878528782 10.6596382046613 -0.52523123217907 10.477465400543 109.833767755742
-0.71544603122624 -2.25267244324236 6.79334045879732 2.57539524486258 0.0705624582370905 -2.13398357352097 -4.64075760081732 11.5831694441858 4.51011510527176 7.34896184524071 145.235824115297
-3.97856633894398 -3.75030112755932 3.69100062595675 3.18352325899828 3.87599575165599 -5.66725623114729 -2.2803912001925 13.5281379070529 7.67692328337254 6.38630544851782 206.015509094264
-1.31056656485824 -3.19740249071272 5.02194640489302 2.13786825377733 1.20700944721466 -1.6147581269139 1.06148406959668 9.16848012792869 3.59854180333659 6.19678537226692 99.4120988988688
0.358851153227375 -0.601496564032398 7.95698076492811 2.83129692233747 -1.24463744924882 -1.58167324318785 -1.24501542906645 12.2626093989831 3.44640076532885 9.47829841313568 128.597702497247
-1.22711208825995 0.625890060960912 5.79222725079985 2.79524236137257 -4.14181563246061 1.98405744431714 0.887455553316735 9.38115342466842 2.52210751687831 8.85488406278519 81.7747203227195
-3.63901906821703 1.74929374791056 1.2594675013957 -1.96629269122472 -0.399720625138764 -3.33327462496937 0.243338485994745 10.7214017379424 4.56062452883615 4.94414314745107 119.442055578243
0.00215344685332219 3.58075539341168 9.07229612040345 8.60147244544916 1.62256412989913 -4.93599745876304 1.573902607128 9.46650608095341 1.95481062251313 8.61359587760017 165.769043927004
-0.228378212569487 2.02435631524592 4.36908276507763 4.17853171792698 2.98813161526354 -6.35165775776375 -1.28388540541623 8.39348986923634 3.97733397607332 6.12744121624879 162.194343769242
-0.760578695813774 1.31405753216268 4.66561839509356 1.09541743012307 1.52776393641315 -6.16580354738926 -2.62071477122662 9.83100462807521 1.43809257949166 9.10182235210343 126.513575988391
-1.05673925084655 -1.90570800386072 3.97688639683372 1.27285283090976 4.67909659690356 -3.9700472082107 -4.26838676650385 11.1981995172624 1.80579437891412 10.7261435229541 160.210084965399
-0.645618046935983 -2.23492680555022 2.79224594845698 2.48937305464881 3.04761236488369 -5.72910000547722 -0.8719250072896 8.96902176813989 0.372468490811928 9.58266467211952 103.588470350604
-1.40455155438099 1.11052901545824 1.90494150624501 5.19877743364182 2.53450710330551 -5.06520605918621 -0.0962659825087389 8.2853162185613 6.85223957125091 7.02932760150915 187.020071873021
-4.21329376180222 -2.24735317383431 9.45345188684053 1.57730745205673 -1.73325911927037 -7.39143187457541 1.15900248831517 10.921802300812 3.09533579887194 7.70691250963951 84.9161295644517
0.557151053324691 2.85060206577388 7.26032772268457 3.2157506513676 -0.562647928822644 -1.22374213623174 -2.0735078647904 11.7617725111446 -0.884127283980307 9.97567058492449 120.860687166619
-8.28326839587378 -1.56070647606026 5.46006417422006 3.67019281410446 2.24536986149503 -1.47627472134549 -2.14539022438683 7.2758759711626 4.99327361917457 10.7902590178632 168.483887871376
-0.961218333332012 0.180047903694426 4.45919724638447 2.73362495276895 0.816854896102527 -4.54714432077753 -0.382442089881642 7.48603833123796 1.73996943771697 5.41088285065659 90.683472432295
-1.97142606388301 1.46743230006386 2.4340773903968 1.39914985152342 2.52841987347979 -3.70233902908658 -0.71330590190129 9.9758005965488 5.05625005975836 8.16089316349672 170.07552001477
-1.33084477425108 0.508804523599737 4.72221559061894 5.73305107543776 -1.06986231801376 -5.86314378633055 -2.21129102602425 9.79529941877364 4.4821148119807 7.96129663837271 147.267388015529
-0.935570829667971 -0.983352211821115 4.78441397932686 4.04599739002461 1.25208590589849 -1.4557523180155 -1.50594532466171 9.59485226208352 3.74560581418855 10.505146930936 149.077449325841
-3.12568100697193 -0.707002313266213 8.93732292204166 2.65857354033887 -1.45181154904986 -4.18768903342029 -0.455066189501364 11.1182008663451 1.48145739019245 8.13973207889316 95.5350897729896
0.517455196769193 -0.485612371410453 1.46588981206504 1.34581507181353 3.56371769663574 -1.97417616751522 -2.45061161699029 7.34417379755032 1.62064479345955 7.65796921781275 119.532046654589
-2.81751983259146 0.10815135607417 5.26644674027947 3.52255369038527 1.63366315845697 -3.99836815079671 -1.57726313429543 11.0766043401097 4.90351094809903 7.65437390569245 172.916961505901
-2.2064969555142 -0.298723752233734 5.31622026258699 3.31885450445433 -1.70555654601073 -1.71755133622218 0.181163024805871 10.4039232389175 4.85871083756877 13.4580932930204 142.57732914178
-4.62545979001039 2.21997624590025 5.14951501549124 0.145135831871418 0.781058610266397 -6.48601036259701 -3.80237650891792 10.4916470574244 4.91949542048491 7.3435396986318 167.333820651682
-4.3699722318758 2.91127704196947 6.08621554296315 -0.974142507695217 -1.00619716562781 -0.775758235728658 -3.04779330599828 10.4220239202755 4.50220887540837 7.92274031531564 149.193879853388
-4.2724406476547 -0.0991912215831074 7.5660071044988 0.740456295156327 4.7862551303939 -3.54438068355168 -1.71620371261437 12.6927000435745 4.57253084095078 7.50641950227789 194.656089166111
1.56124677476735 -0.754677287009106 4.51273746373467 -0.577003771852402 0.831825395706616 -5.99326071242126 0.37667295495617 8.35901392276755 6.51050702456208 7.22381037469164 117.246253800315
-4.00314482280429 -1.72390555689369 2.13514817384365 3.89076305624289 1.93534724494223 -3.83405568773052 -3.95437998297535 10.057419076135 2.12637274334643 9.57119001381641 146.73246945108
-1.99809957542737 -0.816214388881571 7.00172808450839 -0.126108233509459 4.76625908461761 -3.44765716708517 -3.17295905008372 6.99624945825305 4.31016975920631 7.53328611827265 150.557229139796
-3.19513669598001 1.10842348478597 2.88682464547282 4.36489059515604 -0.584698422007751 -5.59204426686832 -5.32959192376662 12.7761886031746 2.04837327340191 7.94688454716466 159.605270983692
-1.91244226943439 -0.0182657508028184 0.688210469087466 -0.145851311634445 3.99241928286919 -5.60773035896359 1.6055893130867 9.54448732755629 4.8599974344941 9.79779448877142 154.662376348394
0.943288142828076 -1.36746508248517 7.61518236360861 3.95308954260953 1.35658777596139 -5.3418520524629 -0.560867897596017 7.70149254350487 3.45456594412111 6.66015907673282 109.612709152313
-4.93690833490931 0.349013856967448 6.2354301761308 -2.06561865869442 0.859228486390551 -1.93436381863916 1.08823302954734 7.15555812962286 1.45701495367629 8.58816299711226 77.9689037291227
-5.82619672670307 -1.71045263489136 6.10419682350553 2.7795247480857 -0.199107922813932 -4.49095321087839 -4.46530446548661 11.2981737607471 4.2441288594605 9.34215377209615 157.021461987478
-0.0217387638995792 -1.57762683081458 6.09325638828811 5.36437290696887 0.425652916614304 -6.32723172531704 -1.62605996693232 10.599545576153 4.25600427397065 5.26088164055811 134.501020723858
-1.2363876691225 -3.04410087603836 5.38086986277929 0.670042500077825 2.0985664234589 -3.2501239845218 -2.82886925216581 13.029583294866 4.0433530252827 8.87537048058634 147.856938210604
-2.32398651492816 -4.44076985291393 7.15699173776908 4.00167448744926 -1.04559409581926 -0.0404851529792642 0.120696517410777 12.4966373191322 3.38167099539592 12.10747780643 119.746208955373
-2.22952407997188 3.63184354119447 0.815400755434801 2.9184254598818 -0.4415561754701 -3.13128784284785 -0.732622585067648 9.53678937438021 3.37805980416882 9.62601411518867 152.734533894701
-3.46233745665317 4.26480361153917 3.32111275612829 2.45281038890238 -1.06515167805479 -3.13159812932089 2.00830236163895 10.3904183114929 4.48146581410968 7.00225278284558 146.559588161873
-1.19236532346149 3.18922519123056 7.13316937436133 3.58382173346295 2.5669252463317 -6.88349504279753 -2.01110712371572 9.25658606501831 4.12739816423257 10.4568790419872 187.467986731143
3.70315399785613 -0.0481789851478197 5.6365225596428 1.7419485041933 -0.0367349938306083 -4.77519844357854 0.568955504618228 8.03686972802681 4.51237016977317 8.88413530407675 105.167354463308
-1.07229609190681 0.25021627011069 3.10794186074344 0.342782493897917 -3.50652882051984 -9.29376995412649 1.67775046488927 11.9524562579405 1.93542993485167 7.96593136233393 64.0732360840839
1.36367147721637 0.183040137399846 4.69112716467953 3.96461594237012 0.929872719874421 -6.204216434003 -0.964553134424629 8.25557304768202 5.91730992142822 8.52427067200706 151.705784330817
-1.96821866259423 2.67249208845331 7.45542577627758 5.42619955863427 0.257262346692729 -7.19394091733871 2.36167401928872 12.0190800846931 4.66073732453387 8.58636352561419 170.573821486235
-0.977520869368177 -0.364829064412188 1.61233240825656 3.75522513066176 0.815223126442832 -4.6926409852667 -1.49937557935074 6.96085848083833 0.293780134829757 9.45845316717923 91.7839107654731
-3.77201381755902 -0.646588395974413 5.38668386875871 4.32511649748685 4.01874624958426 -4.48125585457823 -0.181239912589915 12.6781991719952 0.626503240142871 9.99336770178975 163.09138212933
-1.66519887546658 -1.22964553305036 6.26937886545607 1.79604488749305 5.65180634481653 -3.60695122242914 1.10878909272828 11.9901826526735 4.48705961829838 8.94350292043483 182.269698151938
-1.43335879469067 1.19293693414839 4.78459927143337 2.0580441959648 -0.984101120241819 -7.55005345965584 0.876851753413158 7.51870992164801 4.31354837558134 10.02278815773 112.214861160631
-1.23938578513852 5.32865460087645 6.5627843903001 4.6740335366023 3.05129654482962 -5.52723601895629 2.59655113670292 9.29534360670123 2.5362165174303 8.0879087238724 172.348869297636
-1.4581333507896 -3.69682412287929 4.97321512492282 5.76142408077793 1.93688992322527 -1.04389146247006 -3.71718181217452 8.17432217731494 3.84982809152784 8.2826517544748 142.271832466716
-0.860927512167769 -1.60476738166244 2.88650168516567 -0.130117769040449 3.04398070533137 -2.83550606341447 -2.07888957341115 8.2105731823337 4.87467171502881 7.17333549855589 134.908891322264
-4.27874868832759 -1.3970155598466 4.21448640715924 7.65723295142313 -1.56966871725997 -2.63181200142734 -0.493478745121195 9.911729155299 1.63683829221648 10.7210453442127 120.724614372953
0.414603691178604 -0.916338604749037 9.75651885447578 4.10441982446319 -0.224501398548166 -4.06003006822455 -0.88526658382039 10.698830797437 2.52496766255141 8.83067902004329 120.155385309234
-4.54625061170252 0.595090312087238 3.45611461663502 1.30815667159074 -0.811579688570055 -4.72164218882138 -2.32041436180096 9.89437036900375 4.29067363326736 9.57447484730742 139.902028684806
-2.40601038193919 0.0310218342009159 4.06275334138579 1.77267066821194 3.41548585625878 -2.51130786775615 -2.29505372704653 10.8643665363284 3.07790528959087 8.4205230835392 162.740654388337
-1.71490487531796 0.783085396794208 6.43753566063767 2.15106925581993 2.83616221875634 -4.02001379163391 0.878110090323627 5.498023494352 1.51958549596545 6.00826904530304 97.4105614178727
-0.432388558834403 0.30041523569625 0.018504404311348 5.44282571170411 0.276065034334925 -4.07810872870131 -3.39346911494475 11.7091766550608 1.69326654577992 8.94124786825682 147.623347459591
-1.86468035342998 -1.57593090609865 5.70624117911052 7.28567192128852 3.9290418118014 -5.54443426654047 -1.41573885401199 11.978770741663 0.467437182343387 8.40399554569471 158.09508101303
